  -9.92349    0.40443   21.87275    0.00000    0.00000
  -9.92349    0.30178   24.85900    0.00000    1.00000
  -9.92349    2.46414   20.79520    0.00000    2.00000
  -9.92349    1.60221   19.57467    0.00000    3.00000
  -9.92349    2.17229   10.26214    0.00000    4.00000
  -9.92349    1.59771   27.92825    0.00000    5.00000
  -9.87489    2.55299   28.15493    6.60000    0.00000
  -9.87489    2.65995   29.48977    6.60000    1.00000
  -9.87489    0.54515   14.48056    6.60000    2.00000
  -9.87489    0.64568   25.10699    6.60000    3.00000
  -9.87489    1.73698   11.33133    6.60000    4.00000
  -9.87489    0.76095   18.89759    6.60000    5.00000
  -9.88191    1.28568   11.12126    9.40000    0.00000
  -9.88191    2.23598   19.73568    9.40000    1.00000
  -9.88191    1.55216   11.86479    9.40000    2.00000
  -9.88191    0.84554   12.33466    9.40000    3.00000
  -9.88191    1.37793   12.86344    9.40000    4.00000
  -9.88191    2.63955   18.79505    9.40000    5.00000
  -9.88742    2.54254   10.83516   11.50000    0.00000
  -9.88742    0.21379   27.35212   11.50000    1.00000
  -9.88742    0.91810   29.29504   11.50000    2.00000
  -9.88742    1.95176   18.16138   11.50000    3.00000
  -9.88742    2.34711   14.79666   11.50000    4.00000
  -9.88742    0.27439   28.02581   11.50000    5.00000
  -9.88708    2.35217   10.22066   13.30000    0.00000
  -9.88708    2.24329   13.00417   13.30000    1.00000
  -9.88708    2.07812   20.06981   13.30000    2.00000
  -9.88708    1.43961   23.60187   13.30000    3.00000
  -9.88708    0.60583   17.15917   13.30000    4.00000
  -9.88708    2.68712   14.42659   13.30000    5.00000
  -9.88183    2.28775   20.71983   14.90000    0.00000
  -9.88183    2.38351   11.67034   14.90000    1.00000
  -9.88183    2.56465   23.50413   14.90000    2.00000
  -9.88183    0.75651   26.05803   14.90000    3.00000
  -9.88183    1.30354   14.67913   14.90000    4.00000
  -9.88183    2.25560   16.89642   14.90000    5.00000
  -9.87381    0.76574   23.03620   16.30000    0.00000
  -9.87381    1.77027   23.97219   16.30000    1.00000
  -9.87381    1.53973   17.21410   16.30000    2.00000
  -9.87381    0.51539   21.52986   16.30000    3.00000
  -9.87381    1.54980   20.11958   16.30000    4.00000
  -9.87381    1.06680   28.27984   16.30000    5.00000
  -9.86510    2.16325   12.64694   17.60000    0.00000
  -9.86510    1.36060   15.10965   17.60000    1.00000
  -9.86510    2.37554   23.45628   17.60000    2.00000
  -9.86510    2.26474   20.43553   17.60000    3.00000
  -9.86510    2.08424   13.63552   17.60000    4.00000
  -9.86510    2.15790   28.65445   17.60000    5.00000
  -9.85726    2.20511   18.16549   18.80000    0.00000
  -9.85726    0.82740   26.62297   18.80000    1.00000
  -9.85726    0.33475   18.04731   18.80000    2.00000
  -9.85726    1.10019   16.07344   18.80000    3.00000
  -9.85726    0.51738   12.84200   18.80000    4.00000
  -9.85726    1.58533   22.18446   18.80000    5.00000
  -9.85131    1.59300   21.88457   20.00000    0.00000
  -9.85131    1.99104   22.52485   20.00000    1.00000
  -9.85131    0.49686   24.49277   20.00000    2.00000
  -9.85131    0.89490   13.73604   20.00000    3.00000
  -9.85131    2.01810   15.87868   20.00000    4.00000
  -9.85131    0.79918   14.47192   20.00000    5.00000
  -9.84769    2.34984   13.25834   21.10000    0.00000
  -9.84769    2.58931   10.87162   21.10000    1.00000
  -9.84769    1.66787   26.38165   21.10000    2.00000
  -9.84769    1.18772   27.83370   21.10000    3.00000
  -9.84769    1.75612   25.55357   21.10000    4.00000
  -9.84769    0.58197   11.97927   21.10000    5.00000
  -9.84644    2.18321   17.65944   22.10000    0.00000
  -9.84644    0.21224   19.34863   22.10000    1.00000
  -9.84644    0.98928   29.55524   22.10000    2.00000
  -9.84644    2.62545   10.73457   22.10000    3.00000
  -9.84644    1.61262   12.84375   22.10000    4.00000
  -9.84644    0.93207   16.34997   22.10000    5.00000
  -9.84727    0.33490   28.19070   23.10000    0.00000
  -9.84727    1.36617   26.80742   23.10000    1.00000
  -9.84727    1.57852   10.80960   23.10000    2.00000
  -9.84727    0.73730   10.48520   23.10000    3.00000
  -9.84727    1.79759   15.38375   23.10000    4.00000
  -9.84727    1.28378   14.22657   23.10000    5.00000
  -9.84968    1.79399   20.75067   24.10000    0.00000
  -9.84968    2.57964   14.00320   24.10000    1.00000
  -9.84968    2.67466   22.97924   24.10000    2.00000
  -9.84968    2.08079   16.40313   24.10000    3.00000
  -9.84968    0.33370   14.25773   24.10000    4.00000
  -9.84968    2.19836   23.81577   24.10000    5.00000
  -9.85309    1.97749   23.91617   25.00000    0.00000
  -9.85309    0.98906   25.81997   25.00000    1.00000
  -9.85309    2.28983   27.52808   25.00000    2.00000
  -9.85309    1.19824   29.94803   25.00000    3.00000
  -9.85309    0.48081   17.59390   25.00000    4.00000
  -9.85309    1.95265   16.64853   25.00000    5.00000
  -9.85688    2.43098   12.28649   25.90000    0.00000
  -9.85688    2.65744   16.01572   25.90000    1.00000
  -9.85688    1.92375   17.43778   25.90000    2.00000
  -9.85688    1.96152   16.03400   25.90000    3.00000
  -9.85688    0.30665   19.06765   25.90000    4.00000
  -9.85688    0.44045   18.70158   25.90000    5.00000
  -9.86048    2.00065   22.16844   26.80000    0.00000
  -9.86048    2.29143   15.34794   26.80000    1.00000
  -9.86048    2.53067   15.12058   26.80000    2.00000
  -9.86048    0.88363   20.18843   26.80000    3.00000
  -9.86048    0.54521   12.26411   26.80000    4.00000
  -9.86048    1.42917   21.72064   26.80000    5.00000
  -9.86338    1.79012   24.10442   27.60000    0.00000
  -9.86338    2.66073   20.55702   27.60000    1.00000
  -9.86338    1.18567   28.04153   27.60000    2.00000
  -9.86338    0.82364   18.88666   27.60000    3.00000
  -9.86338    2.23829   11.44028   27.60000    4.00000
  -9.86338    0.38281   11.11520   27.60000    5.00000
  -9.86519    1.68605   17.58540   28.40000    0.00000
  -9.86519    1.11152   23.29669   28.40000    1.00000
  -9.86519    1.19180   26.82206   28.40000    2.00000
  -9.86519    0.29146   10.65508   28.40000    3.00000
  -9.86519    1.48685   27.13988   28.40000    4.00000
  -9.86519    2.63320   28.79141   28.40000    5.00000
  -9.86563    1.25624   27.25611   29.20000    0.00000
  -9.86563    2.56787   11.71431   29.20000    1.00000
  -9.86563    1.97146   24.32409   29.20000    2.00000
  -9.86563    1.35880   16.05973   29.20000    3.00000
  -9.86563    1.54142   14.05654   29.20000    4.00000
  -9.86563    0.57646   25.22786   29.20000    5.00000
  -9.86454    1.80491   21.03907   30.00000    0.00000
  -9.86454    2.00686   20.65904   30.00000    1.00000
  -9.86454    1.53637   25.30022   30.00000    2.00000
  -9.86454    2.56826   25.64990   30.00000    3.00000
  -9.86454    2.22046   19.35596   30.00000    4.00000
  -9.86454    0.55876   20.23149   30.00000    5.00000
  -9.86188    1.46390   13.89987   30.70000    0.00000
  -9.86188    2.45324   27.58804   30.70000    1.00000
  -9.86188    2.21516   25.57910   30.70000    2.00000
  -9.86188    2.26017   11.73483   30.70000    3.00000
  -9.86188    1.24860   27.63228   30.70000    4.00000
  -9.86188    1.68480   10.18527   30.70000    5.00000
  -9.85771    2.45652   17.63406   31.50000    0.00000
  -9.85771    2.62125   19.57450   31.50000    1.00000
  -9.85771    0.44702   10.68983   31.50000    2.00000
  -9.85771    1.16887   16.35394   31.50000    3.00000
  -9.85771    2.23774   27.99470   31.50000    4.00000
  -9.85771    1.72355   29.97545   31.50000    5.00000
  -9.85218    2.19452   15.94009   32.20000    0.00000
  -9.85218    0.67763   20.09910   32.20000    1.00000
  -9.85218    1.59554   27.52646   32.20000    2.00000
  -9.85218    0.77859   27.01198   32.20000    3.00000
  -9.85218    2.63016   20.08808   32.20000    4.00000
  -9.85218    1.17283   27.57572   32.20000    5.00000
  -9.84549    0.67081   21.03558   32.90000    0.00000
  -9.84549    0.34094   11.64888   32.90000    1.00000
  -9.84549    2.24615   28.50773   32.90000    2.00000
  -9.84549    2.09347   14.09014   32.90000    3.00000
  -9.84549    1.18292   16.38992   32.90000    4.00000
  -9.84549    0.78645   20.16474   32.90000    5.00000
  -9.83789    0.47079   26.49669   33.60000    0.00000
  -9.83789    1.35045   28.96212   33.60000    1.00000
  -9.83789    1.74136   17.67353   33.60000    2.00000
  -9.83789    0.39416   17.27403   33.60000    3.00000
  -9.83789    0.83536   16.40098   33.60000    4.00000
  -9.83789    0.95915   17.02620   33.60000    5.00000
  -9.82968    1.56339   10.40954   34.30000    0.00000
  -9.82968    2.27569   21.29822   34.30000    1.00000
  -9.82968    1.84743   13.94621   34.30000    2.00000
  -9.82968    0.20029   10.53177   34.30000    3.00000
  -9.82968    1.82898   13.01775   34.30000    4.00000
  -9.82968    2.49303   19.13394   34.30000    5.00000
  -9.82113    1.56827   11.52716   35.00000    0.00000
  -9.82113    1.54382   29.59735   35.00000    1.00000
  -9.82113    1.76550   26.78741   35.00000    2.00000
  -9.82113    2.41111   18.09691   35.00000    3.00000
  -9.82113    0.74561   17.54405   35.00000    4.00000
  -9.82113    0.74262   22.55413   35.00000    5.00000
  -9.81254    1.57542   19.90059   35.60000    0.00000
  -9.81254    0.26069   19.85129   35.60000    1.00000
  -9.81254    0.61620   19.63968   35.60000    2.00000
  -9.81254    1.65573   27.76290   35.60000    3.00000
  -9.81254    2.66009   13.66406   35.60000    4.00000
  -9.81254    1.77541   25.21083   35.60000    5.00000
  -9.80417    1.49574   13.77448   36.30000    0.00000
  -9.80417    1.98474   13.21264   36.30000    1.00000
  -9.80417    1.71834   10.17021   36.30000    2.00000
  -9.80417    0.72438   27.76594   36.30000    3.00000
  -9.80417    1.23438   12.50163   36.30000    4.00000
  -9.80417    2.40239   26.88590   36.30000    5.00000
  -9.79626    1.17968   19.23947   36.90000    0.00000
  -9.79626    2.01948   20.93071   36.90000    1.00000
  -9.79626    1.47466   18.48467   36.90000    2.00000
  -9.79626    0.88866   10.66775   36.90000    3.00000
  -9.79626    1.35552   20.66393   36.90000    4.00000
  -9.79626    1.31643   20.08121   36.90000    5.00000
  -9.78900    1.58739   29.66934   37.60000    0.00000
  -9.78900    1.42362   23.43612   37.60000    1.00000
  -9.78900    2.44830   11.49895   37.60000    2.00000
  -9.78900    2.38577   17.91388   37.60000    3.00000
  -9.78900    0.33963   12.99274   37.60000    4.00000
  -9.78900    2.30516   14.26079   37.60000    5.00000
  -9.78255    0.36130   15.98988   38.20000    0.00000
  -9.78255    0.60701   12.73076   38.20000    1.00000
  -9.78255    2.20810   21.03316   38.20000    2.00000
  -9.78255    0.35847   14.63620   38.20000    3.00000
  -9.78255    0.21808   17.61525   38.20000    4.00000
  -9.78255    0.76185   21.24980   38.20000    5.00000
  -9.77704    2.50795   12.87610   38.80000    0.00000
  -9.77704    1.80339   29.15462   38.80000    1.00000
  -9.77704    1.08348   11.48255   38.80000    2.00000
  -9.77704    0.45375   21.63054   38.80000    3.00000
  -9.77704    1.53024   20.79994   38.80000    4.00000
  -9.77704    1.17349   23.59598   38.80000    5.00000
  -9.77253    1.67082   16.18078   39.40000    0.00000
  -9.77253    0.53562   18.55078   39.40000    1.00000
  -9.77253    0.27955   22.99600   39.40000    2.00000
  -9.77253    0.81238   13.44717   39.40000    3.00000
  -9.77253    0.49999   22.77840   39.40000    4.00000
  -9.77253    1.20959   10.76740   39.40000    5.00000
  -9.76905    0.57060   27.03982   40.00000    0.00000
  -9.76905    0.59790   19.82674   40.00000    1.00000
  -9.76905    0.36555   11.15146   40.00000    2.00000
  -9.76905    0.24169   26.75501   40.00000    3.00000
  -9.76905    0.98465   17.67045   40.00000    4.00000
  -9.76905    2.19606   13.67365   40.00000    5.00000
  -9.76659    0.82241   13.22955   40.60000    0.00000
  -9.76659    2.44966   20.45033   40.60000    1.00000
  -9.76659    2.64549   13.87780   40.60000    2.00000
  -9.76659    2.03996   20.29292   40.60000    3.00000
  -9.76659    2.20020   27.13205   40.60000    4.00000
  -9.76659    1.89146   26.78510   40.60000    5.00000
  -9.76511    1.75156   22.72845   41.20000    0.00000
  -9.76511    1.97863   27.82517   41.20000    1.00000
  -9.76511    2.69381   27.39990   41.20000    2.00000
  -9.76511    1.34968   10.90323   41.20000    3.00000
  -9.76511    1.31648   16.48790   41.20000    4.00000
  -9.76511    1.50750   29.37625   41.20000    5.00000
  -9.76454    1.78807   20.91015   41.80000    0.00000
  -9.76454    2.21398   20.49393   41.80000    1.00000
  -9.76454    1.66312   18.17756   41.80000    2.00000
  -9.76454    1.13498   23.21094   41.80000    3.00000
  -9.76454    1.71211   25.07130   41.80000    4.00000
  -9.76454    0.85285   22.88481   41.80000    5.00000
  -9.76477    1.51538   14.07430   42.30000    0.00000
  -9.76477    2.69884   28.07466   42.30000    1.00000
  -9.76477    1.19830   10.21290   42.30000    2.00000
  -9.76477    0.72761   16.61719   42.30000    3.00000
  -9.76477    1.48010   24.40082   42.30000    4.00000
  -9.76477    0.89423   27.43622   42.30000    5.00000
  -9.76568    1.29244   16.47216   42.90000    0.00000
  -9.76568    0.91375   24.07036   42.90000    1.00000
  -9.76568    2.11216   17.41819   42.90000    2.00000
  -9.76568    2.36466   14.51788   42.90000    3.00000
  -9.76568    0.67755   22.26435   42.90000    4.00000
  -9.76568    0.23365   15.70042   42.90000    5.00000
  -9.76714    0.45008   23.57908   43.50000    0.00000
  -9.76714    1.82606   28.60687   43.50000    1.00000
  -9.76714    1.21287   14.70914   43.50000    2.00000
  -9.76714    0.26652   22.86973   43.50000    3.00000
  -9.76714    2.04111   19.22672   43.50000    4.00000
  -9.76714    1.01295   10.67843   43.50000    5.00000
  -9.76902    0.48260   20.62025   44.00000    0.00000
  -9.76902    0.45680   23.83505   44.00000    1.00000
  -9.76902    0.28265   27.82065   44.00000    2.00000
  -9.76902    1.33047   29.88294   44.00000    3.00000
  -9.76902    2.02871   26.84912   44.00000    4.00000
  -9.76902    2.14185   14.46170   44.00000    5.00000
  -9.77117    1.31007   22.78866   44.60000    0.00000
  -9.77117    0.59976   12.94490   44.60000    1.00000
  -9.77117    1.25721   27.73284   44.60000    2.00000
  -9.77117    1.38226   21.37905   44.60000    3.00000
  -9.77117    1.56199   27.67418   44.60000    4.00000
  -9.77117    0.99035   16.80686   44.60000    5.00000
  -9.77345    0.57731   29.56883   45.10000    0.00000
  -9.77345    1.30105   15.01472   45.10000    1.00000
  -9.77345    0.96259   22.52394   45.10000    2.00000
  -9.77345    1.46620   28.48851   45.10000    3.00000
  -9.77345    1.06296   19.58442   45.10000    4.00000
  -9.77345    0.22044   26.78755   45.10000    5.00000
  -9.77573    2.17152   28.65918   45.70000    0.00000
  -9.77573    0.54129   27.60721   45.70000    1.00000
  -9.77573    0.44457   21.63283   45.70000    2.00000
  -9.77573    2.58269   14.43606   45.70000    3.00000
  -9.77573    0.81172   22.56778   45.70000    4.00000
  -9.77573    0.55472   24.76296   45.70000    5.00000
  -9.77789    1.59211   15.51873   46.20000    0.00000
  -9.77789    0.99394   10.38895   46.20000    1.00000
  -9.77789    2.12834   24.65435   46.20000    2.00000
  -9.77789    2.35929   23.87245   46.20000    3.00000
  -9.77789    2.65486   23.44884   46.20000    4.00000
  -9.77789    2.53799   20.11485   46.20000    5.00000
  -9.77982    2.09005   12.60584   46.70000    0.00000
  -9.77982    1.74361   20.83984   46.70000    1.00000
  -9.77982    2.30394   27.75175   46.70000    2.00000
  -9.77982    1.42498   11.81896   46.70000    3.00000
  -9.77982    0.61489   10.55487   46.70000    4.00000
  -9.77982    2.57219   12.48971   46.70000    5.00000
  -9.78144    2.67593   10.63257   47.20000    0.00000
  -9.78144    2.25425   12.09455   47.20000    1.00000
  -9.78144    1.04761   18.73060   47.20000    2.00000
  -9.78144    1.24400   24.14623   47.20000    3.00000
  -9.78144    1.17994   15.83256   47.20000    4.00000
  -9.78144    0.85801   10.27375   47.20000    5.00000
  -9.78268    1.38960   16.86706   47.80000    0.00000
  -9.78268    0.65062   26.85098   47.80000    1.00000
  -9.78268    1.25223   25.76054   47.80000    2.00000
  -9.78268    2.49899   15.46501   47.80000    3.00000
  -9.78268    0.88264   26.46692   47.80000    4.00000
  -9.78268    2.40807   22.24059   47.80000    5.00000
  -9.78348    2.24447   11.53635   48.30000    0.00000
  -9.78348    1.27279   11.91907   48.30000    1.00000
  -9.78348    2.57198   16.50878   48.30000    2.00000
  -9.78348    1.68717   13.47728   48.30000    3.00000
  -9.78348    1.65600   23.06626   48.30000    4.00000
  -9.78348    0.73867   25.20091   48.30000    5.00000
  -9.78381    0.65244   12.33992   48.80000    0.00000
  -9.78381    1.71332   25.52567   48.80000    1.00000
  -9.78381    2.33077   25.61381   48.80000    2.00000
  -9.78381    0.44123   22.38578   48.80000    3.00000
  -9.78381    2.52600   11.77948   48.80000    4.00000
  -9.78381    0.83934   16.23230   48.80000    5.00000
  -9.78366    1.65657   20.15816   49.30000    0.00000
  -9.78366    2.67723   14.22697   49.30000    1.00000
  -9.78366    0.35586   14.09791   49.30000    2.00000
  -9.78366    2.69723   27.01041   49.30000    3.00000
  -9.78366    2.09854   29.21399   49.30000    4.00000
  -9.78366    1.52207   18.83475   49.30000    5.00000
  -9.78304    1.37007   11.38816   49.80000    0.00000
  -9.78304    0.53604   10.11248   49.80000    1.00000
  -9.78304    2.25721   28.09929   49.80000    2.00000
  -9.78304    0.32321   12.23007   49.80000    3.00000
  -9.78304    1.92715   22.84023   49.80000    4.00000
  -9.78304    2.43710   28.73574   49.80000    5.00000
  -9.78197    2.11881   17.11683   50.30000    0.00000
  -9.78197    1.59902   19.14406   50.30000    1.00000
  -9.78197    1.67903   17.00447   50.30000    2.00000
  -9.78197    1.58330   16.40946   50.30000    3.00000
  -9.78197    2.02697   10.63863   50.30000    4.00000
  -9.78197    0.78841   26.28650   50.30000    5.00000
  -9.78048    1.76738   24.53237   50.80000    0.00000
  -9.78048    0.71964   23.32648   50.80000    1.00000
  -9.78048    0.49588   13.35718   50.80000    2.00000
  -9.78048    0.44126   29.45357   50.80000    3.00000
  -9.78048    2.33472   21.83617   50.80000    4.00000
  -9.78048    2.66907   18.55937   50.80000    5.00000
  -9.77864    2.42698   29.84646   51.30000    0.00000
  -9.77864    1.48746   22.82741   51.30000    1.00000
  -9.77864    1.85443   27.69082   51.30000    2.00000
  -9.77864    2.38807   23.91699   51.30000    3.00000
  -9.77864    0.42868   18.61832   51.30000    4.00000
  -9.77864    0.58959   27.63680   51.30000    5.00000
  -9.77650    0.86732   18.01459   51.80000    0.00000
  -9.77650    0.46485   28.62414   51.80000    1.00000
  -9.77650    1.16557   17.37522   51.80000    2.00000
  -9.77650    1.91350   22.44403   51.80000    3.00000
  -9.77650    2.57569   20.21959   51.80000    4.00000
  -9.77650    2.22900   26.03968   51.80000    5.00000
  -9.77414    0.27619   27.26476   52.30000    0.00000
  -9.77414    1.07894   25.73433   52.30000    1.00000
  -9.77414    0.60262   14.88007   52.30000    2.00000
  -9.77414    0.62811   18.15373   52.30000    3.00000
  -9.77414    2.25070   26.20010   52.30000    4.00000
  -9.77414    1.39469   18.27700   52.30000    5.00000
  -9.77162    0.85754   11.13729   52.70000    0.00000
  -9.77162    2.18752   13.77285   52.70000    1.00000
  -9.77162    1.68731   26.37217   52.70000    2.00000
  -9.77162    2.10518   18.51295   52.70000    3.00000
  -9.77162    1.62575   23.29590   52.70000    4.00000
  -9.77162    0.57663   14.13396   52.70000    5.00000
  -9.76904    2.25532   22.92832   53.20000    0.00000
  -9.76904    0.91087   11.11380   53.20000    1.00000
  -9.76904    0.65526   27.14769   53.20000    2.00000
  -9.76904    2.29952   22.52496   53.20000    3.00000
  -9.76904    0.92832   16.69167   53.20000    4.00000
  -9.76904    1.72018   28.95188   53.20000    5.00000
  -9.76646    0.44128   21.27010   53.70000    0.00000
  -9.76646    2.39896   27.59551   53.70000    1.00000
  -9.76646    0.20402   13.87972   53.70000    2.00000
  -9.76646    0.26087   16.30712   53.70000    3.00000
  -9.76646    2.34128   28.00043   53.70000    4.00000
  -9.76646    0.43107   15.62644   53.70000    5.00000
  -9.76397    2.50921   14.75389   54.20000    0.00000
  -9.76397    1.33333   14.20261   54.20000    1.00000
  -9.76397    1.72227   17.45461   54.20000    2.00000
  -9.76397    0.84413   14.04837   54.20000    3.00000
  -9.76397    1.69590   28.53280   54.20000    4.00000
  -9.76397    0.56419   23.39527   54.20000    5.00000
  -9.76164    2.10105   10.44184   54.60000    0.00000
  -9.76164    2.40869   19.05212   54.60000    1.00000
  -9.76164    2.08903   18.71790   54.60000    2.00000
  -9.76164    0.95475   17.73537   54.60000    3.00000
  -9.76164    0.26707   11.02772   54.60000    4.00000
  -9.76164    2.22886   20.43011   54.60000    5.00000
  -9.75953    1.08001   10.91507   55.10000    0.00000
  -9.75953    1.65157   16.01041   55.10000    1.00000
  -9.75953    2.11829   17.35759   55.10000    2.00000
  -9.75953    2.11036   20.12601   55.10000    3.00000
  -9.75953    1.50782   19.05170   55.10000    4.00000
  -9.75953    1.85390   25.63172   55.10000    5.00000
  -9.75770    1.68897   24.89826   55.60000    0.00000
  -9.75770    1.31621   25.75497   55.60000    1.00000
  -9.75770    0.83599   26.65090   55.60000    2.00000
  -9.75770    0.96365   13.17858   55.60000    3.00000
  -9.75770    1.99375   24.95875   55.60000    4.00000
  -9.75770    1.01408   21.93103   55.60000    5.00000
  -9.75620    2.58252   13.09099   56.00000    0.00000
  -9.75620    2.01095   26.43786   56.00000    1.00000
  -9.75620    1.83878   26.06121   56.00000    2.00000
  -9.75620    1.21997   10.92051   56.00000    3.00000
  -9.75620    1.65982   20.80455   56.00000    4.00000
  -9.75620    2.58296   13.85284   56.00000    5.00000
  -9.75508    1.09779   25.31463   56.50000    0.00000
  -9.75508    2.42067   19.92826   56.50000    1.00000
  -9.75508    1.51883   27.85151   56.50000    2.00000
  -9.75508    1.71997   18.07322   56.50000    3.00000
  -9.75508    0.49318   13.24411   56.50000    4.00000
  -9.75508    2.03887   14.92818   56.50000    5.00000
  -9.75436    1.25035   15.76379   57.00000    0.00000
  -9.75436    2.21173   20.82023   57.00000    1.00000
  -9.75436    2.03027   14.47495   57.00000    2.00000
  -9.75436    0.23914   28.70558   57.00000    3.00000
  -9.75436    2.65498   16.95635   57.00000    4.00000
  -9.75436    2.30597   24.05312   57.00000    5.00000
  -9.75405    1.34056   24.66828   57.40000    0.00000
  -9.75405    1.95846   10.52843   57.40000    1.00000
  -9.75405    2.06057   19.26257   57.40000    2.00000
  -9.75405    2.27162   17.73991   57.40000    3.00000
  -9.75405    1.68614   14.18038   57.40000    4.00000
  -9.75405    0.39824   24.89060   57.40000    5.00000
  -9.75416    2.21680   17.26400   57.90000    0.00000
  -9.75416    1.89871   14.03141   57.90000    1.00000
  -9.75416    2.63953   20.39006   57.90000    2.00000
  -9.75416    1.62789   18.56778   57.90000    3.00000
  -9.75416    0.95562   15.43094   57.90000    4.00000
  -9.75416    0.80919   20.45582   57.90000    5.00000
  -9.75469    2.57750   21.11737   58.30000    0.00000
  -9.75469    1.41598   12.08118   58.30000    1.00000
  -9.75469    2.48197   16.38786   58.30000    2.00000
  -9.75469    1.94119   26.57855   58.30000    3.00000
  -9.75469    1.56299   17.74156   58.30000    4.00000
  -9.75469    1.61623   21.22063   58.30000    5.00000
  -9.75562    2.41120   27.85812   58.80000    0.00000
  -9.75562    0.43070   22.07407   58.80000    1.00000
  -9.75562    1.69694   12.38689   58.80000    2.00000
  -9.75562    0.69626   16.78158   58.80000    3.00000
  -9.75562    1.87833   12.10861   58.80000    4.00000
  -9.75562    2.42225   28.50386   58.80000    5.00000
  -9.75691    2.32530   12.07347   59.20000    0.00000
  -9.75691    2.69715   14.46531   59.20000    1.00000
  -9.75691    0.70292   19.80020   59.20000    2.00000
  -9.75691    2.16130   28.79476   59.20000    3.00000
  -9.75691    0.99543   11.10886   59.20000    4.00000
  -9.75691    1.98080   14.05532   59.20000    5.00000
  -9.75854    1.29044   23.45295   59.70000    0.00000
  -9.75854    1.28274   17.13665   59.70000    1.00000
  -9.75854    1.01692   27.70456   59.70000    2.00000
  -9.75854    0.32801   13.12119   59.70000    3.00000
  -9.75854    1.18733   22.00284   59.70000    4.00000
  -9.75854    2.20122   21.36447   59.70000    5.00000
  -9.76045    1.18198   28.59216   60.10000    0.00000
  -9.76045    2.04081   22.13006   60.10000    1.00000
  -9.76045    0.39627   11.79788   60.10000    2.00000
  -9.76045    1.46612   17.23484   60.10000    3.00000
  -9.76045    1.40929   13.17694   60.10000    4.00000
  -9.76045    0.55575   12.42713   60.10000    5.00000
  -9.76260    2.20105   15.73160   60.60000    0.00000
  -9.76260    0.60003   22.55179   60.60000    1.00000
  -9.76260    2.02672   24.50873   60.60000    2.00000
  -9.76260    1.28612   11.83809   60.60000    3.00000
  -9.76260    0.56670   19.33706   60.60000    4.00000
  -9.76260    1.24638   21.07874   60.60000    5.00000
  -9.76492    0.64935   12.17210   61.00000    0.00000
  -9.76492    0.34453   18.14444   61.00000    1.00000
  -9.76492    0.44131   21.14300   61.00000    2.00000
  -9.76492    1.56170   16.33534   61.00000    3.00000
  -9.76492    2.25313   28.94229   61.00000    4.00000
  -9.76492    0.77826   19.23468   61.00000    5.00000
  -9.76736    0.76038   14.70735   61.40000    0.00000
  -9.76736    2.31980   14.09426   61.40000    1.00000
  -9.76736    2.29919   25.63736   61.40000    2.00000
  -9.76736    0.32801   12.91726   61.40000    3.00000
  -9.76736    2.28479   10.22072   61.40000    4.00000
  -9.76736    0.34428   11.48257   61.40000    5.00000
  -9.76984    1.76016   24.13765   61.90000    0.00000
  -9.76984    2.28753   27.05653   61.90000    1.00000
  -9.76984    1.35703   12.97481   61.90000    2.00000
  -9.76984    0.72836   12.00540   61.90000    3.00000
  -9.76984    2.63881   12.14738   61.90000    4.00000
  -9.76984    1.89602   15.29992   61.90000    5.00000
  -9.77230    2.59787   21.83794   62.30000    0.00000
  -9.77230    1.21965   23.99858   62.30000    1.00000
  -9.77230    0.20158   11.70005   62.30000    2.00000
  -9.77230    2.25192   12.36497   62.30000    3.00000
  -9.77230    1.14942   15.18385   62.30000    4.00000
  -9.77230    1.57034   27.85018   62.30000    5.00000
  -9.77467    1.33774   12.00063   62.70000    0.00000
  -9.77467    2.25217   26.51361   62.70000    1.00000
  -9.77467    2.64739   28.82450   62.70000    2.00000
  -9.77467    0.44037   19.18285   62.70000    3.00000
  -9.77467    0.31473   22.87406   62.70000    4.00000
  -9.77467    1.22964   21.27246   62.70000    5.00000
  -9.77688    0.24298   10.12879   63.20000    0.00000
  -9.77688    0.30960   23.76883   63.20000    1.00000
  -9.77688    0.77644   15.17458   63.20000    2.00000
  -9.77688    2.20474   26.97970   63.20000    3.00000
  -9.77688    0.94554   26.51899   63.20000    4.00000
  -9.77688    2.38697   24.80963   63.20000    5.00000
  -9.77888    0.64196   19.14208   63.60000    0.00000
  -9.77888    0.59226   17.39559   63.60000    1.00000
  -9.77888    1.70581   23.93427   63.60000    2.00000
  -9.77888    2.38463   25.17692   63.60000    3.00000
  -9.77888    0.97634   18.79017   63.60000    4.00000
  -9.77888    2.26418   18.84060   63.60000    5.00000
  -9.78060    2.56211   25.63495   64.00000    0.00000
  -9.78060    0.65009   10.11529   64.00000    1.00000
  -9.78060    0.35580   21.52073   64.00000    2.00000
  -9.78060    1.71678   17.01556   64.00000    3.00000
  -9.78060    1.99126   16.10111   64.00000    4.00000
  -9.78060    0.38610   19.07903   64.00000    5.00000
  -9.78200    2.61656   28.76637   64.40000    0.00000
  -9.78200    1.21234   16.82818   64.40000    1.00000
  -9.78200    1.92131   22.48047   64.40000    2.00000
  -9.78200    1.63080   29.68017   64.40000    3.00000
  -9.78200    2.61077   10.16612   64.40000    4.00000
  -9.78200    1.46581   26.90089   64.40000    5.00000
  -9.78303    1.95264   26.88372   64.90000    0.00000
  -9.78303    1.46107   21.86333   64.90000    1.00000
  -9.78303    1.90022   20.70002   64.90000    2.00000
  -9.78303    1.25891   17.25073   64.90000    3.00000
  -9.78303    1.00353   27.46978   64.90000    4.00000
  -9.78303    2.16252   11.08527   64.90000    5.00000
  -9.78364    0.21624   20.19458   65.30000    0.00000
  -9.78364    1.90479   18.39763   65.30000    1.00000
  -9.78364    0.24939   28.16364   65.30000    2.00000
  -9.78364    0.86722   22.23056   65.30000    3.00000
  -9.78364    1.60276   22.18633   65.30000    4.00000
  -9.78364    2.20717   15.93316   65.30000    5.00000
  -9.78381    0.55158   23.92525   65.70000    0.00000
  -9.78381    0.44549   21.93245   65.70000    1.00000
  -9.78381    0.21278   11.58398   65.70000    2.00000
  -9.78381    1.92509   26.46935   65.70000    3.00000
  -9.78381    0.80692   24.14385   65.70000    4.00000
  -9.78381    1.57217   15.63978   65.70000    5.00000
  -9.78351    1.65979   13.97595   66.10000    0.00000
  -9.78351    1.81115   11.15356   66.10000    1.00000
  -9.78351    2.10449   26.33438   66.10000    2.00000
  -9.78351    0.64264   26.02120   66.10000    3.00000
  -9.78351    0.64897   19.91641   66.10000    4.00000
  -9.78351    0.43621   14.34290   66.10000    5.00000
  -9.78274    1.64515   24.24810   66.50000    0.00000
  -9.78274    2.32196   19.55725   66.50000    1.00000
  -9.78274    2.06779   13.28351   66.50000    2.00000
  -9.78274    2.04495   24.62125   66.50000    3.00000
  -9.78274    2.43941   21.65293   66.50000    4.00000
  -9.78274    1.03810   13.34383   66.50000    5.00000
  -9.78149    2.66694   11.78227   67.00000    0.00000
  -9.78149    1.21336   19.81169   67.00000    1.00000
  -9.78149    2.38513   24.20386   67.00000    2.00000
  -9.78149    2.63363   15.26553   67.00000    3.00000
  -9.78149    2.47898   22.14807   67.00000    4.00000
  -9.78149    1.68915   12.59915   67.00000    5.00000
  -9.77977    2.53997   15.16467   67.40000    0.00000
  -9.77977    0.94715   23.44178   67.40000    1.00000
  -9.77977    1.19216   18.03203   67.40000    2.00000
  -9.77977    0.28778   21.06475   67.40000    3.00000
  -9.77977    1.78103   18.05408   67.40000    4.00000
  -9.77977    2.17673   13.04862   67.40000    5.00000
  -9.77758    2.22077   13.00904   67.80000    0.00000
  -9.77758    1.05843   28.60633   67.80000    1.00000
  -9.77758    2.40306   16.14890   67.80000    2.00000
  -9.77758    1.61465   20.31187   67.80000    3.00000
  -9.77758    0.83523   20.52561   67.80000    4.00000
  -9.77758    0.48375   19.04641   67.80000    5.00000
  -9.77496    0.30575   17.62361   68.20000    0.00000
  -9.77496    0.57691   17.22968   68.20000    1.00000
  -9.77496    2.14894   11.19170   68.20000    2.00000
  -9.77496    1.89475   22.46954   68.20000    3.00000
  -9.77496    1.17672   22.88217   68.20000    4.00000
  -9.77496    1.88421   28.77602   68.20000    5.00000
  -9.77193    1.10510   17.81263   68.60000    0.00000
  -9.77193    1.90867   11.39131   68.60000    1.00000
  -9.77193    0.33458   14.76973   68.60000    2.00000
  -9.77193    2.67051   28.52561   68.60000    3.00000
  -9.77193    1.15485   20.54955   68.60000    4.00000
  -9.77193    0.22801   12.85130   68.60000    5.00000
  -9.76854    1.38018   29.23987   69.00000    0.00000
  -9.76854    0.90983   13.54542   69.00000    1.00000
  -9.76854    2.00469   10.21416   69.00000    2.00000
  -9.76854    0.60618   28.16861   69.00000    3.00000
  -9.76854    1.31048   12.13381   69.00000    4.00000
  -9.76854    0.97656   13.95883   69.00000    5.00000
  -9.76482    0.72963   14.76862   69.40000    0.00000
  -9.76482    1.88453   19.60516   69.40000    1.00000
  -9.76482    2.36382   20.41114   69.40000    2.00000
  -9.76482    1.42586   16.50145   69.40000    3.00000
  -9.76482    1.78856   17.92406   69.40000    4.00000
  -9.76482    2.54824   12.65280   69.40000    5.00000
  -9.76083    2.06983   13.99448   69.80000    0.00000
  -9.76083    1.46633   20.77632   69.80000    1.00000
  -9.76083    1.70891   17.39930   69.80000    2.00000
  -9.76083    2.59931   25.13364   69.80000    3.00000
  -9.76083    1.77959   17.42713   69.80000    4.00000
  -9.76083    2.14594   18.51417   69.80000    5.00000
  -9.75662    1.74231   22.52811   70.30000    0.00000
  -9.75662    2.10119   19.97948   70.30000    1.00000
  -9.75662    2.54237   14.17465   70.30000    2.00000
  -9.75662    2.33744   24.03957   70.30000    3.00000
  -9.75662    2.46190   28.79650   70.30000    4.00000
  -9.75662    0.88409   22.98653   70.30000    5.00000
  -9.75225    1.46247   13.04818   70.70000    0.00000
  -9.75225    1.53946   20.43958   70.70000    1.00000
  -9.75225    1.22355   27.55813   70.70000    2.00000
  -9.75225    1.78898   19.48862   70.70000    3.00000
  -9.75225    1.54069   25.49180   70.70000    4.00000
  -9.75225    0.27133   27.27699   70.70000    5.00000
  -9.74778    1.72004   29.11357   71.10000    0.00000
  -9.74778    1.83094   17.16948   71.10000    1.00000
  -9.74778    1.66689   11.40470   71.10000    2.00000
  -9.74778    0.49343   18.60746   71.10000    3.00000
  -9.74778    2.63744   25.80646   71.10000    4.00000
  -9.74778    2.19094   15.59727   71.10000    5.00000
  -9.74327    1.34800   11.60048   71.50000    0.00000
  -9.74327    1.93986   14.41192   71.50000    1.00000
  -9.74327    1.46374   19.54055   71.50000    2.00000
  -9.74327    2.15782   22.58287   71.50000    3.00000
  -9.74327    0.75990   21.64107   71.50000    4.00000
  -9.74327    1.01151   22.82905   71.50000    5.00000
  -9.73878    0.66476   14.97150   71.90000    0.00000
  -9.73878    2.00386   25.99861   71.90000    1.00000
  -9.73878    2.54224   21.01150   71.90000    2.00000
  -9.73878    1.85957   28.49760   71.90000    3.00000
  -9.73878    2.39693   28.47191   71.90000    4.00000
  -9.73878    1.75637   10.94459   71.90000    5.00000
  -9.73436    1.31258   20.71149   72.30000    0.00000
  -9.73436    1.25771   24.26141   72.30000    1.00000
  -9.73436    0.32302   17.02252   72.30000    2.00000
  -9.73436    1.78658   23.01192   72.30000    3.00000
  -9.73436    2.20331   12.79751   72.30000    4.00000
  -9.73436    2.13803   24.43182   72.30000    5.00000
  -9.73009    0.37964   13.09635   72.70000    0.00000
  -9.73009    2.35226   16.01387   72.70000    1.00000
  -9.73009    2.42688   14.40543   72.70000    2.00000
  -9.73009    1.80750   10.40273   72.70000    3.00000
  -9.73009    2.28665   25.73511   72.70000    4.00000
  -9.73009    0.98886   24.31737   72.70000    5.00000
  -9.72601    1.66996   23.17110   73.10000    0.00000
  -9.72601    1.70504   13.38511   73.10000    1.00000
  -9.72601    1.87425   17.04926   73.10000    2.00000
  -9.72601    1.35435   28.11333   73.10000    3.00000
  -9.72601    1.47026   13.86849   73.10000    4.00000
  -9.72601    1.84897   25.25325   73.10000    5.00000
  -9.72217    2.48959   14.55591   73.50000    0.00000
  -9.72217    1.57129   13.25437   73.50000    1.00000
  -9.72217    0.77999   21.62915   73.50000    2.00000
  -9.72217    1.22569   29.94371   73.50000    3.00000
  -9.72217    1.13436   20.13338   73.50000    4.00000
  -9.72217    0.66729   14.73413   73.50000    5.00000
  -9.71862    0.36933   20.74600   73.90000    0.00000
  -9.71862    1.15181   19.49007   73.90000    1.00000
  -9.71862    0.96276   17.52319   73.90000    2.00000
  -9.71862    2.56672   14.55889   73.90000    3.00000
  -9.71862    1.83508   12.70936   73.90000    4.00000
  -9.71862    0.21042   10.74764   73.90000    5.00000
  -9.71540    1.72126   10.26610   74.30000    0.00000
  -9.71540    1.61746   18.65660   74.30000    1.00000
  -9.71540    1.07960   11.20189   74.30000    2.00000
  -9.71540    1.64354   17.26458   74.30000    3.00000
  -9.71540    1.74506   13.32843   74.30000    4.00000
  -9.71540    1.58454   20.82563   74.30000    5.00000
  -9.71254    0.93161   11.05002   74.70000    0.00000
  -9.71254    0.91130   25.96857   74.70000    1.00000
  -9.71254    1.32866   25.80940   74.70000    2.00000
  -9.71254    0.41288   10.04329   74.70000    3.00000
  -9.71254    0.81694   12.17323   74.70000    4.00000
  -9.71254    1.43778   28.49496   74.70000    5.00000
  -9.71008    2.07287   29.39305   75.10000    0.00000
  -9.71008    0.33358   25.26541   75.10000    1.00000
  -9.71008    1.28570   28.38772   75.10000    2.00000
  -9.71008    0.51077   20.32382   75.10000    3.00000
  -9.71008    0.55300   22.82019   75.10000    4.00000
  -9.71008    2.33792   12.35645   75.10000    5.00000
  -9.70802    1.71303   25.97028   75.50000    0.00000
  -9.70802    0.27784   21.30313   75.50000    1.00000
  -9.70802    1.83723   20.67698   75.50000    2.00000
  -9.70802    2.44171   21.53104   75.50000    3.00000
  -9.70802    1.81579   10.02017   75.50000    4.00000
  -9.70802    0.42271   24.21947   75.50000    5.00000
  -9.70640    1.79094   24.96884   75.90000    0.00000
  -9.70640    0.23740   23.83261   75.90000    1.00000
  -9.70640    1.86674   12.05129   75.90000    2.00000
  -9.70640    1.60812   24.72546   75.90000    3.00000
  -9.70640    2.52087   20.20131   75.90000    4.00000
  -9.70640    0.84566   18.35944   75.90000    5.00000
  -9.70520    2.25455   11.21451   76.30000    0.00000
  -9.70520    2.19460   28.36600   76.30000    1.00000
  -9.70520    1.30090   22.26626   76.30000    2.00000
  -9.70520    0.60881   17.51919   76.30000    3.00000
  -9.70520    2.15678   16.74381   76.30000    4.00000
  -9.70520    1.20507   19.97918   76.30000    5.00000
  -9.70444    1.40427   28.34722   76.70000    0.00000
  -9.70444    2.48640   15.35556   76.70000    1.00000
  -9.70444    2.07322   22.18384   76.70000    2.00000
  -9.70444    1.63789   28.32418   76.70000    3.00000
  -9.70444    2.12518   10.31396   76.70000    4.00000
  -9.70444    0.47385   18.65671   76.70000    5.00000
  -9.70411    0.48030   22.71360   77.10000    0.00000
  -9.70411    1.25809   12.17207   77.10000    1.00000
  -9.70411    2.39153   27.23478   77.10000    2.00000
  -9.70411    2.35617   14.28767   77.10000    3.00000
  -9.70411    1.27758   26.54413   77.10000    4.00000
  -9.70411    0.38588   21.03251   77.10000    5.00000
  -9.70419    1.04765   19.48808   77.40000    0.00000
  -9.70419    0.29907   24.87256   77.40000    1.00000
  -9.70419    2.43651   10.20284   77.40000    2.00000
  -9.70419    0.94704   14.99948   77.40000    3.00000
  -9.70419    0.63795   22.93065   77.40000    4.00000
  -9.70419    1.68867   22.96061   77.40000    5.00000
  -9.70466    0.24812   10.80990   77.80000    0.00000
  -9.70466    2.45586   23.38862   77.80000    1.00000
  -9.70466    2.06350   27.17184   77.80000    2.00000
  -9.70466    0.46678   21.30915   77.80000    3.00000
  -9.70466    0.57163   18.31353   77.80000    4.00000
  -9.70466    2.39665   16.02506   77.80000    5.00000
  -9.70549    2.05056   13.18689   78.20000    0.00000
  -9.70549    2.01596   15.12360   78.20000    1.00000
  -9.70549    1.76141   22.22136   78.20000    2.00000
  -9.70549    0.38286   17.86085   78.20000    3.00000
  -9.70549    2.61194   27.26308   78.20000    4.00000
  -9.70549    2.48662   28.23522   78.20000    5.00000
  -9.70666    1.00528   28.78335   78.60000    0.00000
  -9.70666    0.85423   11.76399   78.60000    1.00000
  -9.70666    0.88574   11.86531   78.60000    2.00000
  -9.70666    0.54472   24.72584   78.60000    3.00000
  -9.70666    1.98131   17.18794   78.60000    4.00000
  -9.70666    1.36459   10.48364   78.60000    5.00000
  -9.70814    2.37471   28.59374   79.00000    0.00000
  -9.70814    1.12790   12.58537   79.00000    1.00000
  -9.70814    2.52935   15.46504   79.00000    2.00000
  -9.70814    0.27176   20.40924   79.00000    3.00000
  -9.70814    0.61383   22.83887   79.00000    4.00000
  -9.70814    0.85158   23.27587   79.00000    5.00000
  -9.70987    1.21800   11.96689   79.40000    0.00000
  -9.70987    0.83545   26.54347   79.40000    1.00000
  -9.70987    1.64087   21.76991   79.40000    2.00000
  -9.70987    0.52120   10.75485   79.40000    3.00000
  -9.70987    1.05468   16.72811   79.40000    4.00000
  -9.70987    1.94144   22.19419   79.40000    5.00000
  -9.71182    1.76431   11.54997   79.80000    0.00000
  -9.71182    0.85488   24.53449   79.80000    1.00000
  -9.71182    1.68802   24.76355   79.80000    2.00000
  -9.71182    1.93926   28.21051   79.80000    3.00000
  -9.71182    2.19248   16.84033   79.80000    4.00000
  -9.71182    2.66691   13.61891   79.80000    5.00000
  -9.71394    0.62461   16.42649   80.20000    0.00000
  -9.71394    1.54643   12.44474   80.20000    1.00000
  -9.71394    2.41658   23.66054   80.20000    2.00000
  -9.71394    0.41618   25.49140   80.20000    3.00000
  -9.71394    0.76225   27.19030   80.20000    4.00000
  -9.71394    2.35755   23.95339   80.20000    5.00000
  -9.71618    0.46517   28.89767   80.60000    0.00000
  -9.71618    1.25391   21.03569   80.60000    1.00000
  -9.71618    1.07057   15.70214   80.60000    2.00000
  -9.71618    1.33311   16.04164   80.60000    3.00000
  -9.71618    0.62040   26.29402   80.60000    4.00000
  -9.71618    1.95873   22.62052   80.60000    5.00000
  -9.71850    1.62959   12.27718   81.00000    0.00000
  -9.71850    0.96859   10.47375   81.00000    1.00000
  -9.71850    0.24330   22.74280   81.00000    2.00000
  -9.71850    0.58863   26.92254   81.00000    3.00000
  -9.71850    1.67746   19.72140   81.00000    4.00000
  -9.71850    0.61985   27.85995   81.00000    5.00000
  -9.72086    1.86414   12.33554   81.30000    0.00000
  -9.72086    1.67383   27.21371   81.30000    1.00000
  -9.72086    2.08476   19.32786   81.30000    2.00000
  -9.72086    2.47340   26.45320   81.30000    3.00000
  -9.72086    2.16658   21.27642   81.30000    4.00000
  -9.72086    2.02549   22.62066   81.30000    5.00000
  -9.72320    0.76548   16.06069   81.70000    0.00000
  -9.72320    0.68847   22.15625   81.70000    1.00000
  -9.72320    0.51693   27.11516   81.70000    2.00000
  -9.72320    2.15796   22.72260   81.70000    3.00000
  -9.72320    1.99586   20.57661   81.70000    4.00000
  -9.72320    1.23716   27.35954   81.70000    5.00000
  -9.72547    2.50127   14.61218   82.10000    0.00000
  -9.72547    1.67072   19.59133   82.10000    1.00000
  -9.72547    1.38933   13.30320   82.10000    2.00000
  -9.72547    1.73532   11.00336   82.10000    3.00000
  -9.72547    1.12494   27.18195   82.10000    4.00000
  -9.72547    0.29770   16.65446   82.10000    5.00000
  -9.72765    0.24429   10.12235   82.50000    0.00000
  -9.72765    1.86916   23.53209   82.50000    1.00000
  -9.72765    2.34556   16.80813   82.50000    2.00000
  -9.72765    2.62682   25.95056   82.50000    3.00000
  -9.72765    1.00822   20.05151   82.50000    4.00000
  -9.72765    1.96465   27.73209   82.50000    5.00000
  -9.72969    1.47185   25.14034   82.90000    0.00000
  -9.72969    1.59649   14.96407   82.90000    1.00000
  -9.72969    1.73558   13.91821   82.90000    2.00000
  -9.72969    1.14359   20.21598   82.90000    3.00000
  -9.72969    1.76030   29.84919   82.90000    4.00000
  -9.72969    1.98717   19.28476   82.90000    5.00000
  -9.73155    0.25579   12.37790   83.30000    0.00000
  -9.73155    2.58806   16.68129   83.30000    1.00000
  -9.73155    0.33173   24.88213   83.30000    2.00000
  -9.73155    0.54808   12.18650   83.30000    3.00000
  -9.73155    2.23479   23.17285   83.30000    4.00000
  -9.73155    1.79535   25.52022   83.30000    5.00000
  -9.73320    1.03929   13.32252   83.70000    0.00000
  -9.73320    1.32927   22.84623   83.70000    1.00000
  -9.73320    0.94069   18.64188   83.70000    2.00000
  -9.73320    0.78757   18.26945   83.70000    3.00000
  -9.73320    2.05078   14.42646   83.70000    4.00000
  -9.73320    0.75866   25.70733   83.70000    5.00000
  -9.73463    1.00217   11.87400   84.00000    0.00000
  -9.73463    0.84052   14.09554   84.00000    1.00000
  -9.73463    2.03919   18.68912   84.00000    2.00000
  -9.73463    1.48017   20.14758   84.00000    3.00000
  -9.73463    0.87325   20.35026   84.00000    4.00000
  -9.73463    2.01772   27.35421   84.00000    5.00000
  -9.73581    0.34794   17.72960   84.40000    0.00000
  -9.73581    1.84456   17.81897   84.40000    1.00000
  -9.73581    2.67458   22.65552   84.40000    2.00000
  -9.73581    2.59170   14.76690   84.40000    3.00000
  -9.73581    2.57474   22.53514   84.40000    4.00000
  -9.73581    0.37317   24.00260   84.40000    5.00000
  -9.73673    1.10626   11.96674   84.80000    0.00000
  -9.73673    0.22508   10.45792   84.80000    1.00000
  -9.73673    0.91899   12.61995   84.80000    2.00000
  -9.73673    0.22752   20.73684   84.80000    3.00000
  -9.73673    2.53051   10.71275   84.80000    4.00000
  -9.73673    1.25073   29.70055   84.80000    5.00000
  -9.73737    2.46041   25.24965   85.20000    0.00000
  -9.73737    1.86354   21.77201   85.20000    1.00000
  -9.73737    0.35688   11.90671   85.20000    2.00000
  -9.73737    0.45011   14.10608   85.20000    3.00000
  -9.73737    1.96559   28.63723   85.20000    4.00000
  -9.73737    2.55178   23.26792   85.20000    5.00000
  -9.73774    1.08758   11.42212   85.60000    0.00000
  -9.73775    1.23813   18.25854   85.60000    1.00000
  -9.73775    0.20777   29.33335   85.60000    2.00000
  -9.73775    1.45459   28.60498   85.60000    3.00000
  -9.73774    0.20457   14.48423   85.60000    4.00000
  -9.73775    2.49293   21.24884   85.60000    5.00000
  -9.73785    2.62995   26.83807   86.00000    0.00000
  -9.73785    0.79853   23.76867   86.00000    1.00000
  -9.73785    0.69026   11.09339   86.00000    2.00000
  -9.73785    0.94431   16.07536   86.00000    3.00000
  -9.73785    0.45585   15.28529   86.00000    4.00000
  -9.73785    2.20306   13.51303   86.00000    5.00000
  -9.73769    1.87868   29.07764   86.40000    0.00000
  -9.73769    0.79049   16.66868   86.40000    1.00000
  -9.73769    0.37025   13.60371   86.40000    2.00000
  -9.73769    1.56063   10.59108   86.40000    3.00000
  -9.73769    0.73979   28.80862   86.40000    4.00000
  -9.73769    0.36235   15.31941   86.40000    5.00000
  -9.73730    1.35319   29.90094   86.70000    0.00000
  -9.73730    1.03365   24.84854   86.70000    1.00000
  -9.73730    2.16858   22.62685   86.70000    2.00000
  -9.73730    0.37597   28.00125   86.70000    3.00000
  -9.73730    2.54428   10.89333   86.70000    4.00000
  -9.73730    1.88973   10.10236   86.70000    5.00000
  -9.73667    1.30252   29.41250   87.10000    0.00000
  -9.73667    2.01670   19.14519   87.10000    1.00000
  -9.73667    1.24913   12.46457   87.10000    2.00000
  -9.73667    0.72723   12.37168   87.10000    3.00000
  -9.73667    0.97565   20.78856   87.10000    4.00000
  -9.73667    2.20192   15.83611   87.10000    5.00000
  -9.73585    2.46180   18.38864   87.50000    0.00000
  -9.73585    0.60267   17.51916   87.50000    1.00000
  -9.73585    2.52346   11.29763   87.50000    2.00000
  -9.73585    1.84950   16.91653   87.50000    3.00000
  -9.73586    1.80905   29.27950   87.50000    4.00000
  -9.73585    2.32650   12.07021   87.50000    5.00000
  -9.73487    2.04307   13.09227   87.90000    0.00000
  -9.73487    1.22283   19.69230   87.90000    1.00000
  -9.73487    1.81444   29.25693   87.90000    2.00000
  -9.73487    2.58327   28.58410   87.90000    3.00000
  -9.73487    0.22933   10.39030   87.90000    4.00000
  -9.73487    1.05084   15.32933   87.90000    5.00000
  -9.73374    1.48509   13.75731   88.30000    0.00000
  -9.73374    1.26514   27.34479   88.30000    1.00000
  -9.73374    0.30604   15.12655   88.30000    2.00000
  -9.73374    2.01470   22.33583   88.30000    3.00000
  -9.73374    1.74493   14.66461   88.30000    4.00000
  -9.73374    2.50101   20.66779   88.30000    5.00000
  -9.73252    2.31738   24.30554   88.70000    0.00000
  -9.73252    0.67842   10.35422   88.70000    1.00000
  -9.73252    0.74825   16.89908   88.70000    2.00000
  -9.73252    2.06504   25.22029   88.70000    3.00000
  -9.73252    0.69031   19.78310   88.70000    4.00000
  -9.73252    1.17018   12.07525   88.70000    5.00000
  -9.73123    2.04199   16.45760   89.00000    0.00000
  -9.73123    2.25212   12.35586   89.00000    1.00000
  -9.73123    2.28840   14.67007   89.00000    2.00000
  -9.73123    2.33901   20.00565   89.00000    3.00000
  -9.73123    1.16713   24.29435   89.00000    4.00000
  -9.73123    2.44833   28.78282   89.00000    5.00000
  -9.72992    1.00443   14.86180   89.40000    0.00000
  -9.72992    0.83433   27.14016   89.40000    1.00000
  -9.72992    1.61815   25.45745   89.40000    2.00000
  -9.72992    1.44924   19.00656   89.40000    3.00000
  -9.72992    0.44631   10.42937   89.40000    4.00000
  -9.72992    2.01184   18.78689   89.40000    5.00000
  -9.72863    1.81760   10.42553   89.80000    0.00000
  -9.72863    0.95227   17.24126   89.80000    1.00000
  -9.72863    2.31291   11.38209   89.80000    2.00000
  -9.72863    0.72122   13.56864   89.80000    3.00000
  -9.72863    2.47104   13.25649   89.80000    4.00000
  -9.72863    0.77969   14.41589   89.80000    5.00000
  -9.72739    0.27072   10.87565   90.20000    0.00000
  -9.72739    0.63855   24.69969   90.20000    1.00000
  -9.72739    2.41399   17.56920   90.20000    2.00000
  -9.72739    2.00434   15.58777   90.20000    3.00000
  -9.72739    0.87579   13.29363   90.20000    4.00000
  -9.72739    0.77050   12.47409   90.20000    5.00000
  -9.72625    2.69706   20.97555   90.60000    0.00000
  -9.72625    1.33280   11.86996   90.60000    1.00000
  -9.72625    1.27009   15.11266   90.60000    2.00000
  -9.72625    1.01545   27.80830   90.60000    3.00000
  -9.72625    1.36482   25.12009   90.60000    4.00000
  -9.72625    0.98823   26.80007   90.60000    5.00000
  -9.72525    0.57307   14.05320   91.00000    0.00000
  -9.72525    1.03075   20.17004   91.00000    1.00000
  -9.72525    1.39226   19.84964   91.00000    2.00000
  -9.72525    2.17500   21.90730   91.00000    3.00000
  -9.72525    2.43733   22.39905   91.00000    4.00000
  -9.72525    1.84419   20.45529   91.00000    5.00000
  -9.72441    0.87373   19.29579   91.30000    0.00000
  -9.72441    0.24860   12.49150   91.30000    1.00000
  -9.72441    1.69946   29.50511   91.30000    2.00000
  -9.72441    1.17994   10.66777   91.30000    3.00000
  -9.72441    2.10202   19.62626   91.30000    4.00000
  -9.72441    2.28606   22.14465   91.30000    5.00000
  -9.72378    0.70314   23.19329   91.70000    0.00000
  -9.72378    0.41375   27.00263   91.70000    1.00000
  -9.72378    0.43138   22.28209   91.70000    2.00000
  -9.72378    1.61773   18.48751   91.70000    3.00000
  -9.72378    2.31764   16.43162   91.70000    4.00000
  -9.72378    0.80958   19.22135   91.70000    5.00000
  -9.72338    1.58590   10.72360   92.10000    0.00000
  -9.72338    0.89210   22.99405   92.10000    1.00000
  -9.72338    1.61663   25.64925   92.10000    2.00000
  -9.72338    0.42761   12.14589   92.10000    3.00000
  -9.72338    1.63044   12.53600   92.10000    4.00000
  -9.72338    0.42018   12.45036   92.10000    5.00000
  -9.72323    0.69932   25.15184   92.50000    0.00000
  -9.72323    2.63550   29.80414   92.50000    1.00000
  -9.72323    1.01641   19.14792   92.50000    2.00000
  -9.72323    2.32208   26.01341   92.50000    3.00000
  -9.72323    1.22773   13.10140   92.50000    4.00000
  -9.72323    0.67028   21.00939   92.50000    5.00000
  -9.72336    0.96236   10.09019   92.90000    0.00000
  -9.72336    1.43213   12.98704   92.90000    1.00000
  -9.72336    0.52395   29.50399   92.90000    2.00000
  -9.72336    2.62529   18.71286   92.90000    3.00000
  -9.72336    0.37605   13.34398   92.90000    4.00000
  -9.72336    1.50241   13.44794   92.90000    5.00000
  -9.72377    0.54743   13.59486   93.30000    0.00000
  -9.72377    0.63373   16.75701   93.30000    1.00000
  -9.72377    2.22906   12.12753   93.30000    2.00000
  -9.72377    1.60502   18.72820   93.30000    3.00000
  -9.72377    0.55003   25.91010   93.30000    4.00000
  -9.72377    2.53357   22.16265   93.30000    5.00000
  -9.72449    1.02801   15.36934   93.60000    0.00000
  -9.72449    1.16489   22.71624   93.60000    1.00000
  -9.72449    0.28882   14.73551   93.60000    2.00000
  -9.72449    0.43456   29.89263   93.60000    3.00000
  -9.72449    1.47353   18.40418   93.60000    4.00000
  -9.72449    1.69596   28.68874   93.60000    5.00000
  -9.72550    0.76249   16.40698   94.00000    0.00000
  -9.72550    2.66535   27.47559   94.00000    1.00000
  -9.72550    2.50446   20.80953   94.00000    2.00000
  -9.72550    1.87329   12.78100   94.00000    3.00000
  -9.72550    1.73952   13.95856   94.00000    4.00000
  -9.72550    1.77155   13.04408   94.00000    5.00000
  -9.72682    1.04962   15.54895   94.40000    0.00000
  -9.72682    0.78062   18.90373   94.40000    1.00000
  -9.72682    0.81642   11.80574   94.40000    2.00000
  -9.72682    1.99366   26.57963   94.40000    3.00000
  -9.72682    1.85408   27.71536   94.40000    4.00000
  -9.72682    1.68866   16.04681   94.40000    5.00000
  -9.72842    1.08002   21.51196   94.80000    0.00000
  -9.72842    1.67429   26.28305   94.80000    1.00000
  -9.72842    1.22746   11.90808   94.80000    2.00000
  -9.72842    1.60032   21.30602   94.80000    3.00000
  -9.72842    0.58939   14.23969   94.80000    4.00000
  -9.72842    0.89053   10.01103   94.80000    5.00000
  -9.73031    1.99581   16.64339   95.20000    0.00000
  -9.73031    1.54770   22.50638   95.20000    1.00000
  -9.73031    1.40167   26.96702   95.20000    2.00000
  -9.73031    0.92383   25.74968   95.20000    3.00000
  -9.73031    1.54275   21.96555   95.20000    4.00000
  -9.73031    0.92412   22.49010   95.20000    5.00000
  -9.73244    0.73600   21.21608   95.60000    0.00000
  -9.73244    0.59094   16.07909   95.60000    1.00000
  -9.73244    2.58468   26.11066   95.60000    2.00000
  -9.73244    2.00161   17.45590   95.60000    3.00000
  -9.73244    1.68199   26.31953   95.60000    4.00000
  -9.73244    1.11562   15.38335   95.60000    5.00000
  -9.73481    1.44150   17.45466   96.00000    0.00000
  -9.73481    0.72769   16.38021   96.00000    1.00000
  -9.73481    2.32550   17.35376   96.00000    2.00000
  -9.73481    0.97213   13.93434   96.00000    3.00000
  -9.73481    1.75204   25.84329   96.00000    4.00000
  -9.73481    1.15431   18.65642   96.00000    5.00000
  -9.73738    1.54116   25.47734   96.30000    0.00000
  -9.73738    1.87283   22.08288   96.30000    1.00000
  -9.73738    1.77876   24.08347   96.30000    2.00000
  -9.73738    1.98827   15.14249   96.30000    3.00000
  -9.73738    0.42886   16.15489   96.30000    4.00000
  -9.73738    0.79512   13.00036   96.30000    5.00000
  -9.74012    0.70626   20.86495   96.70000    0.00000
  -9.74012    0.68935   16.37176   96.70000    1.00000
  -9.74012    2.19522   21.53541   96.70000    2.00000
  -9.74012    0.22145   17.20560   96.70000    3.00000
  -9.74012    1.01757   28.48268   96.70000    4.00000
  -9.74012    2.21362   12.40162   96.70000    5.00000
  -9.74299    1.85798   27.92353   97.10000    0.00000
  -9.74299    1.49741   28.12769   97.10000    1.00000
  -9.74299    1.30874   20.87786   97.10000    2.00000
  -9.74299    2.05267   25.15029   97.10000    3.00000
  -9.74299    1.47489   10.08202   97.10000    4.00000
  -9.74299    0.65443   22.51006   97.10000    5.00000
  -9.74594    1.09095   16.96465   97.50000    0.00000
  -9.74594    1.43351   16.17417   97.50000    1.00000
  -9.74594    2.16245   26.52475   97.50000    2.00000
  -9.74594    1.37260   26.34841   97.50000    3.00000
  -9.74594    1.39977   15.92169   97.50000    4.00000
  -9.74594    2.09045   14.07158   97.50000    5.00000
  -9.74893    1.57902   24.37920   97.90000    0.00000
  -9.74893    1.34111   17.47857   97.90000    1.00000
  -9.74893    2.13317   14.90157   97.90000    2.00000
  -9.74893    2.18957   14.10537   97.90000    3.00000
  -9.74893    2.48274   13.40961   97.90000    4.00000
  -9.74893    1.70029   10.45747   97.90000    5.00000
  -9.75191    0.51584   25.23710   98.30000    0.00000
  -9.75191    0.89446   15.75932   98.30000    1.00000
  -9.75191    0.43733   14.52502   98.30000    2.00000
  -9.75191    1.19023   28.39025   98.30000    3.00000
  -9.75191    2.41054   18.45980   98.30000    4.00000
  -9.75191    2.22366   25.79652   98.30000    5.00000
  -9.75484    2.60735   22.05184   98.70000    0.00000
  -9.75484    0.38084   11.08195   98.70000    1.00000
  -9.75484    2.52430   17.12582   98.70000    2.00000
  -9.75484    1.76090   21.60865   98.70000    3.00000
  -9.75484    2.36783   10.85222   98.70000    4.00000
  -9.75484    2.08123   24.51931   98.70000    5.00000
  -9.75766    1.66063   17.71822   99.00000    0.00000
  -9.75766    0.95828   17.65960   99.00000    1.00000
  -9.75766    0.30692   26.48091   99.00000    2.00000
  -9.75766    1.06402   17.60169   99.00000    3.00000
  -9.75766    0.32897   11.12269   99.00000    4.00000
  -9.75766    0.66294   25.57356   99.00000    5.00000
  -9.76033    2.56085   10.81401   99.40000    0.00000
  -9.76033    0.71370   28.50350   99.40000    1.00000
  -9.76033    2.00072   11.12518   99.40000    2.00000
  -9.76033    1.42333   20.81099   99.40000    3.00000
  -9.76033    0.79803   21.41323   99.40000    4.00000
  -9.76033    0.36156   21.03839   99.40000    5.00000
  -9.76281    1.81501   17.16831   99.80000    0.00000
  -9.76281    0.30311   11.60137   99.80000    1.00000
  -9.76281    2.52520   18.80700   99.80000    2.00000
  -9.76281    0.85064   19.64896   99.80000    3.00000
  -9.76281    1.15745   17.88536   99.80000    4.00000
  -9.76281    1.85495   13.12141   99.80000    5.00000
  -9.76504    2.35876   27.22101  100.20000    0.00000
  -9.76504    1.44126   17.39869  100.20000    1.00000
  -9.76504    1.56010   28.26194  100.20000    2.00000
  -9.76504    2.35184   26.57141  100.20000    3.00000
  -9.76504    2.16813   21.59001  100.20000    4.00000
  -9.76504    1.59360   12.82346  100.20000    5.00000
  -9.76699    2.21279   20.29422  100.60000    0.00000
  -9.76699    0.34567   16.95560  100.60000    1.00000
  -9.76699    0.41398   19.41157  100.60000    2.00000
  -9.76699    1.31050   29.68467  100.60000    3.00000
  -9.76699    1.19977   18.35535  100.60000    4.00000
  -9.76699    2.42826   15.49149  100.60000    5.00000
  -9.76862    0.41462   16.94049  101.00000    0.00000
  -9.76862    0.76835   26.06750  101.00000    1.00000
  -9.76862    2.44593   10.08032  101.00000    2.00000
  -9.76862    2.31427   13.08994  101.00000    3.00000
  -9.76862    0.28083   28.94017  101.00000    4.00000
  -9.76862    2.21111   11.20639  101.00000    5.00000
  -9.76989    0.81741   15.93638  101.40000    0.00000
  -9.76989    1.55638   20.05182  101.40000    1.00000
  -9.76989    2.31452   11.24299  101.40000    2.00000
  -9.76989    1.98089   27.91603  101.40000    3.00000
  -9.76989    2.55772   29.16407  101.40000    4.00000
  -9.76989    1.84073   18.25593  101.40000    5.00000
  -9.77078    1.13730   25.90375  101.80000    0.00000
  -9.77078    1.94945   28.87427  101.80000    1.00000
  -9.77078    2.38738   20.61920  101.80000    2.00000
  -9.77078    2.65981   12.98986  101.80000    3.00000
  -9.77078    0.76753   10.65965  101.80000    4.00000
  -9.77078    2.47634   16.03533  101.80000    5.00000
  -9.77127    1.04648   14.23532  102.20000    0.00000
  -9.77127    2.46409   21.53709  102.20000    1.00000
  -9.77127    0.90787   10.13709  102.20000    2.00000
  -9.77127    2.28575   11.11507  102.20000    3.00000
  -9.77127    1.66435   24.76154  102.20000    4.00000
  -9.77127    1.90570   25.82500  102.20000    5.00000
  -9.77134    2.60156   29.66635  102.60000    0.00000
  -9.77134    0.76846   25.93857  102.60000    1.00000
  -9.77134    2.55202   18.04237  102.60000    2.00000
  -9.77134    2.21959   18.47165  102.60000    3.00000
  -9.77134    0.30764   24.32114  102.60000    4.00000
  -9.77134    0.33669   21.62908  102.60000    5.00000
  -9.77099    1.74939   18.25569  102.90000    0.00000
  -9.77099    1.53026   12.74897  102.90000    1.00000
  -9.77099    0.52762   12.58874  102.90000    2.00000
  -9.77099    1.34442   10.76298  102.90000    3.00000
  -9.77099    2.39508   28.94115  102.90000    4.00000
  -9.77099    2.69511   24.44610  102.90000    5.00000
  -9.77021    1.73041   25.11259  103.30000    0.00000
  -9.77021    2.09501   28.60029  103.30000    1.00000
  -9.77021    2.19627   15.38870  103.30000    2.00000
  -9.77021    1.68173   12.91112  103.30000    3.00000
  -9.77021    1.17770   16.46491  103.30000    4.00000
  -9.77021    2.58224   11.29243  103.30000    5.00000
  -9.76900    1.61782   10.41937  103.70000    0.00000
  -9.76900    1.67555   22.72866  103.70000    1.00000
  -9.76900    0.39153   10.16189  103.70000    2.00000
  -9.76900    0.71837   10.05395  103.70000    3.00000
  -9.76900    1.92912   26.46799  103.70000    4.00000
  -9.76900    1.10730   26.66616  103.70000    5.00000
  -9.76739    0.41662   14.18435  104.10000    0.00000
  -9.76739    2.46559   14.15749  104.10000    1.00000
  -9.76739    2.61668   16.85987  104.10000    2.00000
  -9.76739    1.34953   29.85804  104.10000    3.00000
  -9.76739    2.20452   26.00627  104.10000    4.00000
  -9.76739    0.21332   24.09545  104.10000    5.00000
  -9.76540    2.26008   25.56541  104.50000    0.00000
  -9.76540    0.48568   18.69656  104.50000    1.00000
  -9.76540    0.49161   20.83172  104.50000    2.00000
  -9.76540    1.75819   18.53406  104.50000    3.00000
  -9.76540    0.82048   23.52284  104.50000    4.00000
  -9.76540    1.68504   11.95656  104.50000    5.00000
  -9.76304    2.40087   24.79264  104.90000    0.00000
  -9.76304    0.43792   16.88611  104.90000    1.00000
  -9.76304    1.83211   21.11934  104.90000    2.00000
  -9.76304    1.67522   24.07728  104.90000    3.00000
  -9.76304    1.96537   12.33097  104.90000    4.00000
  -9.76304    1.11979   19.73001  104.90000    5.00000
  -9.76035    0.89295   23.02498  105.30000    0.00000
  -9.76035    0.89504   28.36482  105.30000    1.00000
  -9.76035    2.46414   14.34378  105.30000    2.00000
  -9.76035    1.24988   12.08871  105.30000    3.00000
  -9.76035    1.77352   17.51728  105.30000    4.00000
  -9.76035    1.72226   20.22036  105.30000    5.00000
  -9.75738    2.07048   23.42800  105.70000    0.00000
  -9.75738    1.79607   11.05108  105.70000    1.00000
  -9.75738    1.63791   24.95532  105.70000    2.00000
  -9.75738    2.44587   26.14295  105.70000    3.00000
  -9.75738    0.94290   14.32815  105.70000    4.00000
  -9.75738    0.75412   23.83129  105.70000    5.00000
  -9.75417    2.23467   10.37347  106.10000    0.00000
  -9.75417    0.37753   20.99631  106.10000    1.00000
  -9.75417    0.66331   23.76287  106.10000    2.00000
  -9.75417    2.29664   11.65152  106.10000    3.00000
  -9.75417    0.72872   11.48292  106.10000    4.00000
  -9.75417    2.23887   15.60373  106.10000    5.00000
  -9.75077    0.44365   28.74778  106.50000    0.00000
  -9.75077    0.97615   18.25010  106.50000    1.00000
  -9.75077    0.26753   17.85139  106.50000    2.00000
  -9.75077    0.53473   26.95765  106.50000    3.00000
  -9.75077    2.40046   17.76280  106.50000    4.00000
  -9.75077    2.00730   21.13378  106.50000    5.00000
  -9.74723    0.57094   12.77423  106.90000    0.00000
  -9.74723    1.04131   11.28503  106.90000    1.00000
  -9.74723    1.74319   19.54735  106.90000    2.00000
  -9.74723    1.88840   22.44064  106.90000    3.00000
  -9.74723    1.33507   18.44955  106.90000    4.00000
  -9.74723    0.68048   26.96561  106.90000    5.00000
  -9.74360    1.22192   10.69439  107.30000    0.00000
  -9.74360    0.47411   21.70627  107.30000    1.00000
  -9.74360    2.11768   11.37046  107.30000    2.00000
  -9.74360    2.46327   20.15488  107.30000    3.00000
  -9.74360    0.81753   14.75978  107.30000    4.00000
  -9.74360    0.22334   11.35046  107.30000    5.00000
  -9.73996    1.29929   10.14224  107.70000    0.00000
  -9.73996    2.63682   24.10155  107.70000    1.00000
  -9.73996    0.32245   28.77450  107.70000    2.00000
  -9.73996    2.59792   13.64719  107.70000    3.00000
  -9.73996    2.18398   20.01808  107.70000    4.00000
  -9.73996    0.44956   17.84610  107.70000    5.00000
  -9.73635    0.93142   25.10304  108.10000    0.00000
  -9.73635    1.24307   24.29975  108.10000    1.00000
  -9.73635    2.02277   16.54616  108.10000    2.00000
  -9.73635    1.13152   12.65374  108.10000    3.00000
  -9.73635    1.27910   24.53051  108.10000    4.00000
  -9.73635    1.02724   15.73248  108.10000    5.00000
  -9.73284    2.11671   22.84598  108.50000    0.00000
  -9.73284    2.40344   15.26460  108.50000    1.00000
  -9.73284    1.26438   18.78916  108.50000    2.00000
  -9.73284    1.56001   20.79115  108.50000    3.00000
  -9.73284    1.75667   17.21407  108.50000    4.00000
  -9.73284    0.89256   29.84014  108.50000    5.00000
  -9.72948    2.14655   13.92846  108.90000    0.00000
  -9.72948    0.77504   10.45473  108.90000    1.00000
  -9.72948    2.58077   13.31770  108.90000    2.00000
  -9.72948    0.61867   20.65313  108.90000    3.00000
  -9.72948    2.14084   26.17757  108.90000    4.00000
  -9.72948    0.98416   13.30478  108.90000    5.00000
  -9.72634    1.44637   15.64552  109.30000    0.00000
  -9.72634    2.60213   14.12700  109.30000    1.00000
  -9.72634    0.70236   29.45027  109.30000    2.00000
  -9.72634    1.93270   16.48189  109.30000    3.00000
  -9.72634    1.04546   26.01534  109.30000    4.00000
  -9.72634    0.49448   25.66455  109.30000    5.00000
  -9.72345    2.42457   24.41844  109.70000    0.00000
  -9.72345    0.28958   14.97836  109.70000    1.00000
  -9.72345    2.21257   10.70145  109.70000    2.00000
  -9.72345    1.18737   28.91838  109.70000    3.00000
  -9.72345    1.92787   22.78262  109.70000    4.00000
  -9.72345    0.69771   26.77084  109.70000    5.00000
  -9.72089    1.16547   24.58462  110.20000    0.00000
  -9.72089    2.10235   28.64560  110.20000    1.00000
  -9.72089    2.01133   14.86170  110.20000    2.00000
  -9.72089    0.51130   20.19470  110.20000    3.00000
  -9.72089    2.06542   22.70878  110.20000    4.00000
  -9.72089    0.63302   16.89071  110.20000    5.00000
  -9.71867    1.18843   27.98014  110.60000    0.00000
  -9.71867    1.57852   13.21037  110.60000    1.00000
  -9.71867    2.49431   17.60040  110.60000    2.00000
  -9.71867    2.50648   26.75761  110.60000    3.00000
  -9.71867    0.85937   21.21919  110.60000    4.00000
  -9.71867    1.24934   14.67497  110.60000    5.00000
  -9.71686    1.38302   11.46407  111.00000    0.00000
  -9.71686    1.32210   14.71414  111.00000    1.00000
  -9.71686    2.63765   23.24276  111.00000    2.00000
  -9.71686    2.29644   21.50544  111.00000    3.00000
  -9.71686    0.22131   22.68652  111.00000    4.00000
  -9.71686    0.66441   10.42093  111.00000    5.00000
  -9.71547    1.29125   12.19804  111.40000    0.00000
  -9.71547    0.36775   10.57777  111.40000    1.00000
  -9.71547    2.16874   12.54177  111.40000    2.00000
  -9.71547    1.78997   28.06039  111.40000    3.00000
  -9.71547    1.81383   28.76887  111.40000    4.00000
  -9.71547    2.16585   12.54902  111.40000    5.00000
  -9.71453    2.18151   16.23899  111.80000    0.00000
  -9.71453    2.65778   14.65846  111.80000    1.00000
  -9.71453    2.69988   20.51572  111.80000    2.00000
  -9.71453    1.58064   20.06698  111.80000    3.00000
  -9.71453    0.24010   17.67943  111.80000    4.00000
  -9.71453    0.81925   28.83408  111.80000    5.00000
  -9.71405    0.25381   21.82860  112.20000    0.00000
  -9.71405    0.29335   19.72598  112.20000    1.00000
  -9.71405    1.50360   19.22089  112.20000    2.00000
  -9.71405    0.29970   27.44321  112.20000    3.00000
  -9.71405    2.26829   12.98542  112.20000    4.00000
  -9.71405    2.23421   19.98951  112.20000    5.00000
  -9.71406    2.39885   25.02584  112.60000    0.00000
  -9.71406    1.65141   22.07419  112.60000    1.00000
  -9.71406    1.04651   26.39933  112.60000    2.00000
  -9.71406    1.04456   27.07894  112.60000    3.00000
  -9.71406    1.85525   12.74622  112.60000    4.00000
  -9.71406    1.34136   15.93854  112.60000    5.00000
  -9.71453    0.26477   12.05678  113.00000    0.00000
  -9.71453    1.96923   16.74844  113.00000    1.00000
  -9.71453    0.87695   13.18542  113.00000    2.00000
  -9.71453    2.25879   12.82404  113.00000    3.00000
  -9.71453    1.65845   29.92613  113.00000    4.00000
  -9.71453    2.20353   26.36545  113.00000    5.00000
  -9.71547    0.75679   20.51385  113.50000    0.00000
  -9.71547    0.73039   29.44662  113.50000    1.00000
  -9.71547    0.68511   23.16909  113.50000    2.00000
  -9.71547    2.56551   15.63225  113.50000    3.00000
  -9.71547    0.70021   11.01606  113.50000    4.00000
  -9.71547    0.87297   21.03365  113.50000    5.00000
  -9.71686    1.04996   10.72079  113.90000    0.00000
  -9.71686    1.48879   29.76532  113.90000    1.00000
  -9.71686    0.36064   19.63708  113.90000    2.00000
  -9.71686    1.20206   12.78738  113.90000    3.00000
  -9.71686    0.48825   11.43306  113.90000    4.00000
  -9.71686    0.59394   21.06914  113.90000    5.00000
  -9.71867    1.45790   17.64607  114.30000    0.00000
  -9.71867    0.66819   17.60952  114.30000    1.00000
  -9.71867    1.44743   24.63086  114.30000    2.00000
  -9.71867    2.36877   10.40991  114.30000    3.00000
  -9.71867    0.23910   10.16009  114.30000    4.00000
  -9.71867    1.65930   28.65011  114.30000    5.00000
  -9.72087    1.25924   29.44877  114.70000    0.00000
  -9.72087    0.30119   28.44206  114.70000    1.00000
  -9.72087    2.34762   15.13561  114.70000    2.00000
  -9.72087    1.45901   18.18296  114.70000    3.00000
  -9.72087    1.19980   27.74725  114.70000    4.00000
  -9.72087    2.18301   22.99941  114.70000    5.00000
  -9.72342    0.40979   13.63670  115.10000    0.00000
  -9.72342    0.27135   24.35654  115.10000    1.00000
  -9.72342    1.35113   18.03390  115.10000    2.00000
  -9.72342    0.28974   10.83634  115.10000    3.00000
  -9.72342    1.82388   11.19002  115.10000    4.00000
  -9.72342    0.45717   16.30468  115.10000    5.00000
  -9.72627    0.29863   19.51553  115.60000    0.00000
  -9.72627    1.09879   22.00417  115.60000    1.00000
  -9.72627    0.53462   20.68226  115.60000    2.00000
  -9.72627    1.67485   10.13573  115.60000    3.00000
  -9.72627    2.30742   17.33163  115.60000    4.00000
  -9.72627    0.36418   10.62214  115.60000    5.00000
  -9.72937    2.52036   26.24357  116.00000    0.00000
  -9.72937    1.00644   29.80275  116.00000    1.00000
  -9.72937    2.18340   24.31927  116.00000    2.00000
  -9.72937    2.61958   29.79320  116.00000    3.00000
  -9.72937    1.43794   19.22400  116.00000    4.00000
  -9.72937    0.33388   27.40211  116.00000    5.00000
  -9.73267    0.86807   26.08375  116.40000    0.00000
  -9.73267    2.69584   26.73375  116.40000    1.00000
  -9.73267    1.50706   17.56482  116.40000    2.00000
  -9.73267    0.35247   28.60427  116.40000    3.00000
  -9.73267    0.80017   19.87404  116.40000    4.00000
  -9.73267    2.09062   19.28116  116.40000    5.00000
  -9.73610    0.27047   27.58200  116.80000    0.00000
  -9.73610    0.35840   10.41218  116.80000    1.00000
  -9.73610    0.76384   27.84938  116.80000    2.00000
  -9.73610    2.23705   13.16489  116.80000    3.00000
  -9.73610    0.71605   25.12688  116.80000    4.00000
  -9.73610    1.99840   10.40238  116.80000    5.00000
  -9.73959    0.31746   26.87445  117.30000    0.00000
  -9.73959    2.33969   13.45824  117.30000    1.00000
  -9.73959    2.67201   27.96535  117.30000    2.00000
  -9.73959    2.07279   23.61309  117.30000    3.00000
  -9.73959    1.15705   28.82577  117.30000    4.00000
  -9.73959    2.58318   28.72380  117.30000    5.00000
  -9.74310    2.41741   14.51322  117.70000    0.00000
  -9.74310    1.99851   12.34228  117.70000    1.00000
  -9.74310    1.13031   16.16001  117.70000    2.00000
  -9.74310    1.88103   28.63979  117.70000    3.00000
  -9.74310    2.27121   13.13541  117.70000    4.00000
  -9.74310    2.09066   23.54887  117.70000    5.00000
  -9.74655    0.54308   19.92681  118.10000    0.00000
  -9.74655    2.43959   25.18731  118.10000    1.00000
  -9.74655    0.57232   10.99387  118.10000    2.00000
  -9.74655    2.33115   15.57228  118.10000    3.00000
  -9.74655    2.14414   11.69668  118.10000    4.00000
  -9.74655    0.44166   17.49131  118.10000    5.00000
  -9.74989    2.05746   16.31192  118.60000    0.00000
  -9.74989    0.56759   14.53479  118.60000    1.00000
  -9.74989    1.75449   17.60149  118.60000    2.00000
  -9.74989    1.71443   10.09807  118.60000    3.00000
  -9.74989    1.76118   25.38515  118.60000    4.00000
  -9.74989    2.56562   24.64045  118.60000    5.00000
  -9.75305    1.11241   24.89780  119.00000    0.00000
  -9.75305    2.56361   13.42392  119.00000    1.00000
  -9.75305    1.94185   22.73375  119.00000    2.00000
  -9.75305    2.60373   27.15122  119.00000    3.00000
  -9.75305    0.78915   12.07247  119.00000    4.00000
  -9.75305    2.59909   24.89103  119.00000    5.00000
  -9.75599    2.50502   29.47396  119.40000    0.00000
  -9.75599    2.65366   24.52912  119.40000    1.00000
  -9.75599    2.17986   20.45501  119.40000    2.00000
  -9.75599    0.33601   29.52424  119.40000    3.00000
  -9.75599    0.63507   20.24790  119.40000    4.00000
  -9.75599    1.08897   12.57269  119.40000    5.00000
  -9.75866    0.49042   13.66806  119.90000    0.00000
  -9.75866    1.99607   21.05770  119.90000    1.00000
  -9.75866    1.39507   15.72622  119.90000    2.00000
  -9.75866    1.12888   23.24105  119.90000    3.00000
  -9.75866    1.60858   20.34846  119.90000    4.00000
  -9.75866    2.40941   21.04794  119.90000    5.00000
  -9.76103    2.10318   14.84367  120.30000    0.00000
  -9.76103    0.90586   27.04370  120.30000    1.00000
  -9.76103    2.21210   19.08442  120.30000    2.00000
  -9.76103    0.49793   26.20357  120.30000    3.00000
  -9.76103    0.39747   15.35631  120.30000    4.00000
  -9.76103    2.12288   15.91642  120.30000    5.00000
  -9.76305    1.91339   13.45277  120.80000    0.00000
  -9.76306    0.93388   18.94222  120.80000    1.00000
  -9.76305    0.53381   14.10532  120.80000    2.00000
  -9.76306    1.43574   19.34109  120.80000    3.00000
  -9.76306    2.39654   27.42921  120.80000    4.00000
  -9.76306    0.21171   12.08166  120.80000    5.00000
  -9.76473    1.26690   25.79095  121.20000    0.00000
  -9.76473    1.08493   26.05196  121.20000    1.00000
  -9.76473    0.61948   28.54763  121.20000    2.00000
  -9.76473    2.24588   15.48685  121.20000    3.00000
  -9.76473    1.54186   10.06100  121.20000    4.00000
  -9.76473    0.26233   13.09679  121.20000    5.00000
  -9.76603    1.51067   29.46623  121.70000    0.00000
  -9.76603    1.60808   28.95838  121.70000    1.00000
  -9.76603    1.77277   17.87358  121.70000    2.00000
  -9.76603    2.28232   29.20095  121.70000    3.00000
  -9.76603    0.63502   25.37799  121.70000    4.00000
  -9.76603    2.53628   16.39770  121.70000    5.00000
  -9.76698    1.21578   17.98755  122.10000    0.00000
  -9.76698    1.17836   20.48020  122.10000    1.00000
  -9.76698    1.58535   24.08540  122.10000    2.00000
  -9.76698    1.03650   26.52043  122.10000    3.00000
  -9.76698    2.20946   11.15163  122.10000    4.00000
  -9.76698    0.53731   20.60211  122.10000    5.00000
  -9.76757    2.43476   13.05083  122.60000    0.00000
  -9.76757    0.74439   17.30481  122.60000    1.00000
  -9.76757    2.52311   24.22857  122.60000    2.00000
  -9.76757    1.39806   13.19167  122.60000    3.00000
  -9.76757    0.72011   13.98620  122.60000    4.00000
  -9.76757    1.97487   25.37761  122.60000    5.00000
  -9.76783    2.07012   21.09279  123.00000    0.00000
  -9.76783    1.12353   13.62163  123.00000    1.00000
  -9.76783    1.57141   11.13203  123.00000    2.00000
  -9.76783    0.93889   23.46526  123.00000    3.00000
  -9.76783    1.02386   15.18737  123.00000    4.00000
  -9.76783    0.29498   23.06438  123.00000    5.00000
  -9.76780    2.65039   27.77167  123.50000    0.00000
  -9.76780    0.72543   26.01944  123.50000    1.00000
  -9.76780    0.28159   26.35829  123.50000    2.00000
  -9.76780    0.65939   11.29286  123.50000    3.00000
  -9.76780    0.70313   29.13356  123.50000    4.00000
  -9.76780    2.11975   12.37636  123.50000    5.00000
  -9.76753    1.97419   20.13988  124.00000    0.00000
  -9.76753    2.23675   23.10380  124.00000    1.00000
  -9.76753    0.55280   23.79595  124.00000    2.00000
  -9.76753    0.87615   18.93355  124.00000    3.00000
  -9.76753    2.54775   10.13158  124.00000    4.00000
  -9.76753    1.79574   18.70314  124.00000    5.00000
  -9.76705    1.96594   21.18730  124.40000    0.00000
  -9.76705    0.69486   10.22421  124.40000    1.00000
  -9.76705    0.83703   16.30917  124.40000    2.00000
  -9.76705    0.26006   27.85414  124.40000    3.00000
  -9.76705    1.25826   21.97756  124.40000    4.00000
  -9.76705    1.18001   14.49272  124.40000    5.00000
  -9.76645    1.30726   24.97787  124.90000    0.00000
  -9.76645    2.54018   19.80409  124.90000    1.00000
  -9.76645    0.53624   11.15834  124.90000    2.00000
  -9.76645    2.30415   11.25516  124.90000    3.00000
  -9.76645    0.39280   24.36135  124.90000    4.00000
  -9.76645    2.20280   18.21141  124.90000    5.00000
  -9.76578    1.85344   22.72982  125.40000    0.00000
  -9.76578    0.21123   17.23079  125.40000    1.00000
  -9.76578    0.62164   11.02084  125.40000    2.00000
  -9.76578    0.37857   15.91085  125.40000    3.00000
  -9.76578    2.00147   17.12598  125.40000    4.00000
  -9.76578    0.63952   20.11368  125.40000    5.00000
  -9.76512    0.26281   13.97385  125.80000    0.00000
  -9.76512    0.97654   13.91800  125.80000    1.00000
  -9.76512    1.67134   20.54170  125.80000    2.00000
  -9.76512    2.64614   11.65033  125.80000    3.00000
  -9.76512    1.62157   17.96733  125.80000    4.00000
  -9.76512    1.26879   25.11397  125.80000    5.00000
  -9.76454    1.94420   15.02969  126.30000    0.00000
  -9.76454    0.37709   27.80019  126.30000    1.00000
  -9.76454    2.14925   14.06591  126.30000    2.00000
  -9.76454    1.74520   13.22589  126.30000    3.00000
  -9.76454    2.02081   25.56223  126.30000    4.00000
  -9.76454    2.58995   22.27488  126.30000    5.00000
  -9.76412    1.39646   23.27336  126.80000    0.00000
  -9.76412    0.29360   18.04404  126.80000    1.00000
  -9.76412    0.87633   17.05745  126.80000    2.00000
  -9.76412    1.74885   15.01870  126.80000    3.00000
  -9.76412    0.63530   20.18744  126.80000    4.00000
  -9.76412    1.30924   13.94397  126.80000    5.00000
  -9.76394    2.09795   21.59357  127.30000    0.00000
  -9.76394    2.64877   22.25014  127.30000    1.00000
  -9.76394    2.68359   13.42366  127.30000    2.00000
  -9.76394    0.75478   12.07832  127.30000    3.00000
  -9.76394    0.56915   17.82580  127.30000    4.00000
  -9.76394    2.24402   27.21554  127.30000    5.00000
  -9.76406    0.48682   11.14534  127.70000    0.00000
  -9.76406    0.81191   10.22113  127.70000    1.00000
  -9.76406    2.47023   28.74682  127.70000    2.00000
  -9.76406    2.15671   19.26264  127.70000    3.00000
  -9.76406    0.59063   10.41680  127.70000    4.00000
  -9.76406    0.29443   18.92312  127.70000    5.00000
  -9.76455    0.75540   25.47040  128.20000    0.00000
  -9.76455    1.44246   14.49878  128.20000    1.00000
  -9.76455    1.68288   18.90451  128.20000    2.00000
  -9.76455    0.60971   27.28607  128.20000    3.00000
  -9.76455    0.33005   21.01558  128.20000    4.00000
  -9.76455    0.69574   14.77803  128.20000    5.00000
  -9.76548    1.76397   14.53087  128.70000    0.00000
  -9.76548    2.13921   23.45991  128.70000    1.00000
  -9.76548    0.69140   23.47001  128.70000    2.00000
  -9.76548    0.44341   17.74127  128.70000    3.00000
  -9.76548    1.42575   16.76051  128.70000    4.00000
  -9.76548    1.30841   21.14904  128.70000    5.00000
  -9.76687    0.76836   26.56934  129.20000    0.00000
  -9.76687    1.05763   13.62609  129.20000    1.00000
  -9.76687    1.82849   19.12452  129.20000    2.00000
  -9.76687    0.91932   26.13456  129.20000    3.00000
  -9.76687    1.61410   16.63738  129.20000    4.00000
  -9.76687    2.15192   26.71977  129.20000    5.00000
  -9.76877    0.79165   16.44648  129.70000    0.00000
  -9.76877    0.32902   10.43337  129.70000    1.00000
  -9.76877    0.61139   19.42532  129.70000    2.00000
  -9.76877    1.46809   16.52597  129.70000    3.00000
  -9.76877    0.79747   19.85992  129.70000    4.00000
  -9.76877    1.81884   11.31593  129.70000    5.00000
  -9.77119    2.41053   10.93725  130.20000    0.00000
  -9.77119    1.13021   11.12549  130.20000    1.00000
  -9.77119    1.82564   20.80455  130.20000    2.00000
  -9.77119    1.22078   14.27305  130.20000    3.00000
  -9.77119    1.39491   14.26087  130.20000    4.00000
  -9.77119    2.45331   26.13581  130.20000    5.00000
  -9.77413    0.45800   14.58796  130.70000    0.00000
  -9.77413    1.73270   16.63223  130.70000    1.00000
  -9.77413    1.33116   19.71023  130.70000    2.00000
  -9.77413    0.85240   26.28187  130.70000    3.00000
  -9.77413    1.22445   28.00317  130.70000    4.00000
  -9.77413    0.32367   14.33602  130.70000    5.00000
  -9.77758    0.33488   21.80011  131.20000    0.00000
  -9.77758    1.88054   25.84144  131.20000    1.00000
  -9.77758    1.55382   20.46275  131.20000    2.00000
  -9.77758    2.68625   10.48533  131.20000    3.00000
  -9.77758    1.71100   22.07320  131.20000    4.00000
  -9.77758    0.55733   24.22757  131.20000    5.00000
  -9.78150    1.53813   24.64438  131.70000    0.00000
  -9.78150    0.59814   27.98934  131.70000    1.00000
  -9.78150    0.30533   16.71229  131.70000    2.00000
  -9.78150    1.68367   29.92856  131.70000    3.00000
  -9.78150    0.91581   12.26253  131.70000    4.00000
  -9.78150    1.53912   21.05356  131.70000    5.00000
  -9.78585    1.36334   15.42973  132.20000    0.00000
  -9.78585    2.53190   25.65236  132.20000    1.00000
  -9.78585    0.67574   26.26785  132.20000    2.00000
  -9.78585    2.49087   21.20801  132.20000    3.00000
  -9.78585    2.68117   14.37729  132.20000    4.00000
  -9.78585    1.82175   16.76677  132.20000    5.00000
  -9.79054    0.96456   15.86813  132.80000    0.00000
  -9.79054    0.90391   16.87513  132.80000    1.00000
  -9.79054    0.40610   11.48049  132.80000    2.00000
  -9.79054    1.28698   24.51413  132.80000    3.00000
  -9.79054    0.56477   10.55818  132.80000    4.00000
  -9.79054    0.29661   24.31255  132.80000    5.00000
  -9.79549    1.28228   16.32820  133.30000    0.00000
  -9.79549    2.04562   26.03438  133.30000    1.00000
  -9.79549    1.73893   23.72614  133.30000    2.00000
  -9.79549    1.23841   12.78323  133.30000    3.00000
  -9.79549    0.47726   14.19227  133.30000    4.00000
  -9.79549    0.33541   22.52838  133.30000    5.00000
  -9.80060    0.22839   17.63720  133.80000    0.00000
  -9.80060    0.90639   23.27276  133.80000    1.00000
  -9.80060    2.47867   25.81349  133.80000    2.00000
  -9.80060    0.40578   16.06533  133.80000    3.00000
  -9.80060    1.53161   24.03140  133.80000    4.00000
  -9.80060    1.62689   13.31449  133.80000    5.00000
  -9.80575    1.33351   27.89076  134.30000    0.00000
  -9.80575    1.23320   25.60840  134.30000    1.00000
  -9.80575    1.64601   14.78144  134.30000    2.00000
  -9.80575    1.77120   28.27753  134.30000    3.00000
  -9.80575    0.91248   13.57614  134.30000    4.00000
  -9.80575    0.35427   26.92892  134.30000    5.00000
  -9.81081    0.60929   28.19117  134.90000    0.00000
  -9.81081    2.24802   25.60584  134.90000    1.00000
  -9.81081    0.42207   15.73880  134.90000    2.00000
  -9.81081    0.90574   26.20692  134.90000    3.00000
  -9.81081    0.46840   29.05376  134.90000    4.00000
  -9.81081    2.57070   15.62384  134.90000    5.00000
  -9.81565    2.02417   10.07674  135.40000    0.00000
  -9.81565    1.02348   28.10923  135.40000    1.00000
  -9.81565    1.74744   24.13416  135.40000    2.00000
  -9.81565    0.95944   21.18639  135.40000    3.00000
  -9.81565    1.82743   20.33406  135.40000    4.00000
  -9.81565    1.68964   18.89944  135.40000    5.00000
  -9.82013    1.12694   14.57380  136.00000    0.00000
  -9.82013    0.42564   20.53882  136.00000    1.00000
  -9.82013    1.51261   10.13857  136.00000    2.00000
  -9.82013    1.23015   28.76516  136.00000    3.00000
  -9.82013    1.26675   15.17153  136.00000    4.00000
  -9.82013    1.86363   22.13686  136.00000    5.00000
  -9.82412    0.39063   19.04918  136.50000    0.00000
  -9.82412    2.08148   19.86804  136.50000    1.00000
  -9.82412    0.94140   17.82697  136.50000    2.00000
  -9.82412    2.33575   18.29452  136.50000    3.00000
  -9.82412    1.80853   28.14153  136.50000    4.00000
  -9.82412    0.24447   17.73529  136.50000    5.00000
  -9.82748    2.68698   24.95014  137.10000    0.00000
  -9.82748    0.62353   15.70098  137.10000    1.00000
  -9.82748    1.86236   14.17636  137.10000    2.00000
  -9.82748    1.72284   12.86747  137.10000    3.00000
  -9.82748    2.58765   23.27976  137.10000    4.00000
  -9.82748    1.12927   11.70985  137.10000    5.00000
  -9.83012    0.99777   18.88157  137.70000    0.00000
  -9.83012    0.50287   19.20972  137.70000    1.00000
  -9.83012    2.43626   11.62908  137.70000    2.00000
  -9.83012    0.71585   12.17607  137.70000    3.00000
  -9.83012    0.59963   28.24782  137.70000    4.00000
  -9.83012    1.63066   21.63753  137.70000    5.00000
  -9.83192    2.48576   21.93604  138.20000    0.00000
  -9.83192    1.28545   18.36598  138.20000    1.00000
  -9.83192    0.68808   20.85579  138.20000    2.00000
  -9.83192    0.39475   11.33437  138.20000    3.00000
  -9.83192    0.44713   10.65213  138.20000    4.00000
  -9.83192    1.65625   29.25342  138.20000    5.00000
  -9.83282    1.38103   10.53870  138.80000    0.00000
  -9.83282    2.33533   10.30943  138.80000    1.00000
  -9.83282    2.20967   26.03260  138.80000    2.00000
  -9.83282    2.52690   26.26161  138.80000    3.00000
  -9.83282    1.47956   19.26176  138.80000    4.00000
  -9.83282    0.90674   24.57884  138.80000    5.00000
  -9.83278    2.09600   27.11561  139.40000    0.00000
  -9.83278    2.49987   11.61443  139.40000    1.00000
  -9.83278    2.08885   17.93021  139.40000    2.00000
  -9.83278    0.76866   17.42215  139.40000    3.00000
  -9.83278    0.89762   26.97479  139.40000    4.00000
  -9.83278    0.96921   11.44511  139.40000    5.00000
  -9.83178    0.38679   12.95987  140.00000    0.00000
  -9.83178    2.18170   26.26559  140.00000    1.00000
  -9.83178    0.52815   24.62361  140.00000    2.00000
  -9.83178    1.35401   16.62518  140.00000    3.00000
  -9.83178    0.23634   17.40147  140.00000    4.00000
  -9.83178    0.40748   14.30653  140.00000    5.00000
  -9.82986    2.18657   21.74314  140.60000    0.00000
  -9.82986    1.43966   12.38569  140.60000    1.00000
  -9.82986    0.58108   28.78157  140.60000    2.00000
  -9.82986    2.32215   28.64596  140.60000    3.00000
  -9.82986    1.42215   22.03972  140.60000    4.00000
  -9.82986    2.44215   13.82074  140.60000    5.00000
  -9.82708    1.70213   10.96812  141.20000    0.00000
  -9.82708    0.26987   20.66037  141.20000    1.00000
  -9.82708    0.70694   14.19275  141.20000    2.00000
  -9.82708    1.00943   11.26411  141.20000    3.00000
  -9.82708    2.31544   23.60333  141.20000    4.00000
  -9.82708    1.93123   25.71544  141.20000    5.00000
  -9.82354    1.83467   20.78326  141.80000    0.00000
  -9.82354    0.88222   24.06389  141.80000    1.00000
  -9.82354    2.22358   12.15808  141.80000    2.00000
  -9.82354    1.63591   19.60049  141.80000    3.00000
  -9.82354    1.62375   18.83304  141.80000    4.00000
  -9.82354    2.57149   12.90380  141.80000    5.00000
  -9.81939    0.53145   23.22541  142.40000    0.00000
  -9.81939    1.12548   23.80687  142.40000    1.00000
  -9.81939    2.57243   15.50335  142.40000    2.00000
  -9.81939    0.35567   11.77327  142.40000    3.00000
  -9.81939    1.64207   20.93958  142.40000    4.00000
  -9.81939    1.19495   16.04942  142.40000    5.00000
  -9.81481    0.77942   15.72941  143.10000    0.00000
  -9.81481    2.10048   29.68888  143.10000    1.00000
  -9.81481    0.86177   27.66924  143.10000    2.00000
  -9.81481    1.95723   25.48861  143.10000    3.00000
  -9.81481    1.07791   26.51627  143.10000    4.00000
  -9.81481    1.60240   27.70375  143.10000    5.00000
  -9.81003    0.34208   10.08372  143.70000    0.00000
  -9.81003    2.15295   24.51539  143.70000    1.00000
  -9.81003    1.47272   28.66751  143.70000    2.00000
  -9.81003    0.64053   17.48748  143.70000    3.00000
  -9.81003    2.49144   17.49818  143.70000    4.00000
  -9.81003    1.04549   28.19772  143.70000    5.00000
  -9.80527    1.78884   15.28988  144.40000    0.00000
  -9.80527    1.34274   20.58641  144.40000    1.00000
  -9.80527    2.65656   19.54235  144.40000    2.00000
  -9.80527    2.25261   13.87397  144.40000    3.00000
  -9.80527    2.52213   25.53638  144.40000    4.00000
  -9.80527    2.64237   21.43775  144.40000    5.00000
  -9.80081    0.54253   23.25627  145.00000    0.00000
  -9.80081    1.33996   12.16342  145.00000    1.00000
  -9.80081    1.40899   16.61159  145.00000    2.00000
  -9.80081    0.60476   25.00065  145.00000    3.00000
  -9.80081    0.36407   17.13442  145.00000    4.00000
  -9.80081    1.18139   23.69785  145.00000    5.00000
  -9.79690    1.84684   13.59109  145.70000    0.00000
  -9.79690    0.82117   13.63469  145.70000    1.00000
  -9.79690    2.55958   29.06399  145.70000    2.00000
  -9.79690    1.46237   12.93950  145.70000    3.00000
  -9.79690    1.92123   14.67010  145.70000    4.00000
  -9.79690    1.22972   19.49217  145.70000    5.00000
  -9.79381    1.73624   13.88761  146.40000    0.00000
  -9.79381    2.56843   17.42816  146.40000    1.00000
  -9.79381    1.89016   20.74540  146.40000    2.00000
  -9.79381    1.64519   15.11660  146.40000    3.00000
  -9.79381    2.43242   25.76743  146.40000    4.00000
  -9.79381    1.03149   17.43437  146.40000    5.00000
  -9.79177    0.54788   27.87478  147.10000    0.00000
  -9.79177    1.11194   25.28607  147.10000    1.00000
  -9.79177    1.77453   24.83135  147.10000    2.00000
  -9.79177    2.55433   25.02925  147.10000    3.00000
  -9.79177    0.89177   12.33217  147.10000    4.00000
  -9.79177    1.90748   14.17165  147.10000    5.00000
  -9.79100    1.27326   13.36416  147.80000    0.00000
  -9.79100    0.20543   14.78190  147.80000    1.00000
  -9.79100    0.89104   17.44515  147.80000    2.00000
  -9.79100    0.21783   12.41377  147.80000    3.00000
  -9.79100    0.34392   10.05933  147.80000    4.00000
  -9.79100    2.69031   13.44202  147.80000    5.00000
  -9.79165    1.34310   11.82257  148.50000    0.00000
  -9.79165    1.31540   12.59420  148.50000    1.00000
  -9.79165    2.51277   20.44100  148.50000    2.00000
  -9.79165    0.64082   17.46820  148.50000    3.00000
  -9.79165    0.84719   24.30055  148.50000    4.00000
  -9.79165    0.62127   17.95525  148.50000    5.00000
  -9.79381    2.29255   10.44064  149.30000    0.00000
  -9.79381    0.41674   29.14340  149.30000    1.00000
  -9.79381    2.31047   19.88022  149.30000    2.00000
  -9.79381    0.84130   19.95587  149.30000    3.00000
  -9.79381    2.20568   26.27358  149.30000    4.00000
  -9.79381    2.37609   20.07881  149.30000    5.00000
  -9.79751    1.06770   22.54973  150.00000    0.00000
  -9.79751    2.10054   10.14790  150.00000    1.00000
  -9.79751    0.80376   11.63831  150.00000    2.00000
  -9.79751    0.34697   23.81758  150.00000    3.00000
  -9.79751    2.45539   21.90238  150.00000    4.00000
  -9.79751    0.70483   25.21559  150.00000    5.00000
  -9.80266    0.75155   14.35126  150.80000    0.00000
  -9.80266    1.37828   23.82697  150.80000    1.00000
  -9.80266    0.83037   20.85313  150.80000    2.00000
  -9.80266    1.85309   14.27019  150.80000    3.00000
  -9.80266    1.87907   23.85855  150.80000    4.00000
  -9.80266    2.16431   19.41261  150.80000    5.00000
  -9.80910    0.58542   26.72177  151.60000    0.00000
  -9.80910    2.46320   10.94797  151.60000    1.00000
  -9.80910    1.63936   13.36463  151.60000    2.00000
  -9.80910    1.02663   21.11247  151.60000    3.00000
  -9.80910    0.37252   25.93144  151.60000    4.00000
  -9.80910    0.52685   12.36309  151.60000    5.00000
  -9.81655    0.76576   25.57706  152.40000    0.00000
  -9.81655    1.17024   18.54683  152.40000    1.00000
  -9.81655    2.40330   18.85590  152.40000    2.00000
  -9.81655    2.33554   27.09746  152.40000    3.00000
  -9.81655    1.72504   20.84495  152.40000    4.00000
  -9.81655    0.79914   17.76459  152.40000    5.00000
  -9.82466    1.61639   19.41016  153.20000    0.00000
  -9.82466    0.48733   21.75597  153.20000    1.00000
  -9.82466    0.24050   28.77427  153.20000    2.00000
  -9.82466    1.26670   13.20002  153.20000    3.00000
  -9.82466    2.03237   14.15413  153.20000    4.00000
  -9.82466    1.51286   22.77630  153.20000    5.00000
  -9.83298    2.56816   13.49171  154.10000    0.00000
  -9.83298    0.45758   15.09680  154.10000    1.00000
  -9.83298    1.50086   20.98191  154.10000    2.00000
  -9.83298    1.47947   27.89592  154.10000    3.00000
  -9.83298    0.95398   14.99634  154.10000    4.00000
  -9.83298    1.78473   25.15425  154.10000    5.00000
  -9.84102    1.98633   26.70198  155.00000    0.00000
  -9.84102    0.36843   12.12808  155.00000    1.00000
  -9.84102    2.55852   21.72800  155.00000    2.00000
  -9.84102    0.35525   13.74451  155.00000    3.00000
  -9.84102    1.44692   10.27066  155.00000    4.00000
  -9.84102    1.93456   21.44764  155.00000    5.00000
  -9.84828    1.45659   24.36350  155.90000    0.00000
  -9.84828    2.62154   26.19933  155.90000    1.00000
  -9.84828    1.79161   26.53300  155.90000    2.00000
  -9.84828    1.02801   15.92728  155.90000    3.00000
  -9.84828    1.88656   14.25820  155.90000    4.00000
  -9.84828    2.65604   29.91953  155.90000    5.00000
  -9.85430    1.32201   26.57951  156.90000    0.00000
  -9.85430    0.44056   12.85786  156.90000    1.00000
  -9.85430    0.85355   29.69502  156.90000    2.00000
  -9.85430    1.49717   19.12380  156.90000    3.00000
  -9.85430    2.64141   11.99486  156.90000    4.00000
  -9.85430    0.39690   12.87029  156.90000    5.00000
  -9.85873    2.05045   25.27456  157.90000    0.00000
  -9.85873    0.38573   13.19013  157.90000    1.00000
  -9.85873    2.04860   15.10461  157.90000    2.00000
  -9.85873    2.32971   22.96448  157.90000    3.00000
  -9.85873    0.64789   17.15726  157.90000    4.00000
  -9.85873    1.66952   22.00123  157.90000    5.00000
  -9.86144    0.39147   24.08410  158.90000    0.00000
  -9.86144    1.49476   24.82027  158.90000    1.00000
  -9.86144    2.23031   19.80440  158.90000    2.00000
  -9.86144    1.25773   11.03650  158.90000    3.00000
  -9.86144    2.26476   22.70659  158.90000    4.00000
  -9.86144    0.67432   28.57707  158.90000    5.00000
  -9.86255    2.56314   29.25973  160.00000    0.00000
  -9.86255    1.09987   11.17650  160.00000    1.00000
  -9.86255    2.57931   27.33004  160.00000    2.00000
  -9.86255    0.68865   11.63071  160.00000    3.00000
  -9.86255    0.94333   19.96420  160.00000    4.00000
  -9.86255    1.48155   22.05892  160.00000    5.00000
  -9.86258    1.36376   10.00182  161.20000    0.00000
  -9.86258    2.47811   10.45099  161.20000    1.00000
  -9.86258    2.24230   18.93971  161.20000    2.00000
  -9.86258    1.13998   29.27444  161.20000    3.00000
  -9.86258    0.32636   13.32825  161.20000    4.00000
  -9.86258    2.12464   29.10551  161.20000    5.00000
  -9.86249    1.24402   13.81259  162.40000    0.00000
  -9.86249    2.01918   28.32635  162.40000    1.00000
  -9.86249    1.41331   28.09121  162.40000    2.00000
  -9.86249    2.31693   29.06172  162.40000    3.00000
  -9.86249    1.06945   24.66918  162.40000    4.00000
  -9.86249    2.42907   13.32483  162.40000    5.00000
  -9.86369    2.42762   23.58611  163.70000    0.00000
  -9.86369    0.67934   26.74305  163.70000    1.00000
  -9.86369    1.03936   25.56856  163.70000    2.00000
  -9.86369    1.27035   12.78646  163.70000    3.00000
  -9.86369    1.39640   21.77097  163.70000    4.00000
  -9.86369    1.05023   20.97918  163.70000    5.00000
  -9.86802    1.51209   26.86555  165.10000    0.00000
  -9.86802    1.49968   16.34679  165.10000    1.00000
  -9.86802    1.09064   25.74158  165.10000    2.00000
  -9.86802    2.13641   24.70554  165.10000    3.00000
  -9.86802    1.77194   27.74193  165.10000    4.00000
  -9.86802    1.50756   11.06254  165.10000    5.00000
  -9.87746    0.44538   15.77940  166.70000    0.00000
  -9.87746    2.56615   24.91616  166.70000    1.00000
  -9.87746    0.70621   26.65115  166.70000    2.00000
  -9.87746    2.01372   24.92417  166.70000    3.00000
  -9.87746    0.81047   13.01804  166.70000    4.00000
  -9.87746    1.29102   21.01206  166.70000    5.00000
  -9.89359    0.38200   29.84546  168.50000    0.00000
  -9.89359    0.71899   22.70226  168.50000    1.00000
  -9.89359    1.48476   28.94442  168.50000    2.00000
  -9.89359    1.81203   12.50884  168.50000    3.00000
  -9.89359    2.07730   15.20741  168.50000    4.00000
  -9.89359    1.71185   16.16281  168.50000    5.00000
  -9.91621    1.70390   24.59367  170.60000    0.00000
  -9.91621    2.34384   15.51808  170.60000    1.00000
  -9.91621    0.52628   14.12378  170.60000    2.00000
  -9.91621    1.92937   20.57486  170.60000    3.00000
  -9.91621    0.29729   18.16564  170.60000    4.00000
  -9.91621    2.52495   29.48028  170.60000    5.00000
  -9.93969    1.86508   16.41565  173.40000    0.00000
  -9.93969    0.90669   28.59724  173.40000    1.00000
  -9.93969    0.68790   17.11635  173.40000    2.00000
  -9.93969    2.50805   20.32928  173.40000    3.00000
  -9.93969    1.88594   10.48494  173.40000    4.00000
  -9.93969    0.49372   19.11370  173.40000    5.00000
  -9.92349    1.89430   12.07852  180.00000    0.00000
  -9.92349    1.23137   12.54026  180.00000    1.00000
  -9.92349    1.82446   25.28386  180.00000    2.00000
  -9.92349    1.58789   19.65187  180.00000    3.00000
  -9.92349    1.54334   15.86855  180.00000    4.00000
  -9.92349    1.89463   27.12748  180.00000    5.00000
